HQ;755;404
6;498;727;Mansion1;1
6;388;688;Mansion2;2
6;1383;347;Mansion3;3
6;951;678;Mansion4;4
6;728;839;Mansion5;5
6;296;760;Mansion6;6
6;71;865;Mansion7;7
6;630;501;Mansion8;8
6;1260;102;Mansion9;9
6;257;347;Mansion10;10
6;1302;886;Mansion11;11
6;43;697;Mansion12;12
6;417;273;Mansion13;13
6;1568;357;Mansion14;14
6;348;187;Mansion15;15
6;1010;362;Mansion16;16
6;1402;196;Mansion17;17
6;477;479;Mansion18;18
6;725;275;Mansion19;19
6;249;36;Mansion20;20
6;796;335;Mansion21;21
6;1528;683;Mansion22;22
6;1242;849;Mansion23;23
6;993;809;Mansion24;24
6;681;136;Mansion25;25
6;1418;403;Mansion26;26
6;470;434;Mansion27;27
6;922;277;Mansion28;28
6;730;620;Mansion29;29
6;215;610;Mansion30;30
6;1300;393;Mansion31;31
6;600;60;Mansion32;32
6;1062;869;Mansion33;33
6;294;490;Mansion34;34
6;522;185;Mansion35;35
6;209;399;Mansion36;36
6;1340;815;Mansion37;37
6;252;821;Mansion38;38
6;1527;630;Mansion39;39
6;1389;578;Mansion40;40
6;28;792;Mansion41;41
6;313;201;Mansion42;42
6;952;653;Mansion43;43
6;276;557;Mansion44;44
6;902;854;Mansion45;45
6;1063;120;Mansion46;46
6;1312;773;Mansion47;47
6;1133;472;Mansion48;48
6;227;295;Mansion49;49
6;410;498;Mansion50;50
6;1407;732;Mansion51;51
5;309;53;Mansion52;52
5;1151;371;Mansion53;53
5;802;540;Mansion54;54
5;343;820;Mansion55;55
5;1446;876;Mansion56;56
5;1236;409;Mansion57;57
5;1376;448;Mansion58;58
5;715;506;Mansion59;59
5;1164;655;Mansion60;60
5;668;436;Mansion61;61
5;219;487;Mansion62;62
5;254;117;Mansion63;63
5;1270;392;Mansion64;64
5;1136;134;Mansion65;65
5;864;885;Mansion66;66
5;893;29;Mansion67;67
5;948;542;Mansion68;68
5;1490;628;Mansion69;69
5;1114;710;Mansion70;70
5;95;14;Mansion71;71
5;173;484;Mansion72;72
5;647;41;Mansion73;73
5;166;684;Mansion74;74
5;1432;355;Mansion75;75
5;1277;506;Mansion76;76
5;824;206;Mansion77;77
5;1056;831;Mansion78;78
5;1551;602;Mansion79;79
5;718;185;Mansion80;80
5;618;670;Mansion81;81
5;139;562;Mansion82;82
5;11;492;Mansion83;83
5;465;238;Mansion84;84
5;1525;741;Mansion85;85
5;1491;432;Mansion86;86
5;97;222;Mansion87;87
5;903;698;Mansion88;88
5;1057;713;Mansion89;89
5;1177;76;Mansion90;90
5;571;860;Mansion91;91
5;1446;241;Mansion92;92
5;903;432;Mansion93;93
5;380;210;Mansion94;94
5;530;599;Mansion95;95
5;294;517;Mansion96;96
5;1186;491;Mansion97;97
5;592;326;Mansion98;98
5;1455;400;Mansion99;99
5;577;885;Mansion100;100
5;359;887;Mansion101;101
5;1132;556;Mansion102;102
5;1091;309;Mansion103;103
5;1247;160;Mansion104;104
5;1500;78;Mansion105;105
5;1145;629;Mansion106;106
5;1454;323;Mansion107;107
5;1126;595;Mansion108;108
5;690;498;Mansion109;109
5;299;134;Mansion110;110
5;1015;846;Mansion111;111
5;985;347;Mansion112;112
5;1359;23;Mansion113;113
5;642;208;Mansion114;114
5;1214;689;Mansion115;115
5;995;878;Mansion116;116
5;1041;369;Mansion117;117
5;105;708;Mansion118;118
5;1390;509;Mansion119;119
5;826;389;Mansion120;120
5;1088;439;Mansion121;121
5;1062;317;Mansion122;122
5;1570;96;Mansion123;123
5;497;94;Mansion124;124
5;1484;297;Mansion125;125
5;1469;773;Mansion126;126
5;1341;246;Mansion127;127
5;1342;292;Mansion128;128
5;1259;720;Mansion129;129
5;746;335;Mansion130;130
5;1207;367;Mansion131;131
5;796;101;Mansion132;132
5;107;813;Mansion133;133
5;981;314;Mansion134;134
5;780;622;Mansion135;135
5;595;392;Mansion136;136
5;336;257;Mansion137;137
5;1492;47;Mansion138;138
5;565;386;Mansion139;139
5;1142;213;Mansion140;140
5;675;826;Mansion141;141
5;1231;94;Mansion142;142
5;909;778;Mansion143;143
5;117;677;Mansion144;144
5;75;696;Mansion145;145
5;1242;776;Mansion146;146
5;1550;465;Mansion147;147
5;1493;385;Mansion148;148
5;825;581;Mansion149;149
5;882;139;Mansion150;150
5;478;692;Mansion151;151
5;1289;201;Mansion152;152
5;40;96;Mansion153;153
5;429;374;Mansion154;154
4;766;530;Mansion155;155
4;1351;744;Mansion156;156
4;1292;24;Mansion157;157
4;1109;443;Mansion158;158
4;1518;429;Mansion159;159
4;979;256;Mansion160;160
4;1566;732;Mansion161;161
4;218;357;Mansion162;162
4;276;378;Mansion163;163
4;1564;65;Mansion164;164
4;421;568;Mansion165;165
4;1581;337;Mansion166;166
4;757;441;Mansion167;167
4;1477;519;Mansion168;168
4;1040;476;Mansion169;169
4;671;642;Mansion170;170
4;1316;71;Mansion171;171
4;517;633;Mansion172;172
4;1206;240;Mansion173;173
4;16;709;Mansion174;174
4;1573;615;Mansion175;175
4;699;408;Mansion176;176
4;1570;146;Mansion177;177
4;1366;397;Mansion178;178
4;667;566;Mansion179;179
4;1004;28;Mansion180;180
4;615;832;Mansion181;181
4;922;474;Mansion182;182
4;1581;491;Mansion183;183
4;1325;220;Mansion184;184
4;1192;582;Mansion185;185
4;1039;622;Mansion186;186
4;278;420;Mansion187;187
4;950;71;Mansion188;188
4;354;99;Mansion189;189
4;121;164;Mansion190;190
4;916;525;Mansion191;191
4;978;552;Mansion192;192
4;1357;528;Mansion193;193
4;1289;853;Mansion194;194
4;832;314;Mansion195;195
4;568;660;Mansion196;196
4;179;419;Mansion197;197
4;1443;129;Mansion198;198
4;1341;615;Mansion199;199
4;213;550;Mansion200;200
4;181;718;Mansion201;201
4;727;129;Mansion202;202
4;1053;554;Mansion203;203
4;787;837;Mansion204;204
4;122;29;Mansion205;205
4;1439;827;Mansion206;206
4;919;196;Mansion207;207
4;776;290;Mansion208;208
4;394;147;Mansion209;209
4;1352;154;Mansion210;210
4;550;862;Mansion211;211
4;1262;825;Mansion212;212
4;956;594;Mansion213;213
4;1376;823;Mansion214;214
4;1253;190;Mansion215;215
4;1529;189;Mansion216;216
4;1471;817;Mansion217;217
4;1251;133;Mansion218;218
4;557;525;Mansion219;219
4;388;453;Mansion220;220
4;1325;654;Mansion221;221
4;827;836;Mansion222;222
4;866;523;Mansion223;223
4;177;105;Mansion224;224
4;732;765;Mansion225;225
4;1115;258;Mansion226;226
4;683;889;Mansion227;227
4;1148;581;Mansion228;228
4;536;836;Mansion229;229
4;280;309;Mansion230;230
4;1142;162;Mansion231;231
4;1409;621;Mansion232;232
4;158;101;Mansion233;233
4;1495;16;Mansion234;234
4;1108;211;Mansion235;235
4;1139;17;Mansion236;236
4;1440;298;Mansion237;237
4;839;806;Mansion238;238
4;1008;522;Mansion239;239
4;143;836;Mansion240;240
4;671;45;Mansion241;241
4;1387;206;Mansion242;242
4;444;46;Mansion243;243
4;591;692;Mansion244;244
4;1069;549;Mansion245;245
4;276;575;Mansion246;246
4;1232;595;Mansion247;247
4;1507;285;Mansion248;248
4;638;521;Mansion249;249
4;1481;93;Mansion250;250
4;669;149;Mansion251;251
4;952;133;Mansion252;252
4;1448;554;Mansion253;253
4;1004;115;Mansion254;254
4;890;195;Mansion255;255
4;33;774;Mansion256;256
4;1556;176;Mansion257;257
4;881;460;Mansion258;258
4;356;429;Mansion259;259
4;313;545;Mansion260;260
4;1090;47;Mansion261;261
4;138;800;Mansion262;262
4;456;736;Mansion263;263
4;941;637;Mansion264;264
4;667;318;Mansion265;265
4;244;688;Mansion266;266
4;642;619;Mansion267;267
4;638;640;Mansion268;268
4;1384;642;Mansion269;269
4;840;605;Mansion270;270
4;1269;753;Mansion271;271
4;834;450;Mansion272;272
4;712;720;Mansion273;273
4;315;244;Mansion274;274
4;1188;257;Mansion275;275
4;317;122;Mansion276;276
4;110;652;Mansion277;277
4;701;48;Mansion278;278
4;475;855;Mansion279;279
4;120;502;Mansion280;280
4;1326;399;Mansion281;281
4;94;827;Mansion282;282
4;1472;336;Mansion283;283
4;414;198;Mansion284;284
4;526;432;Mansion285;285
4;92;163;Mansion286;286
4;288;872;Mansion287;287
4;1510;153;Mansion288;288
4;1309;32;Mansion289;289
4;925;324;Mansion290;290
4;1577;886;Mansion291;291
4;1260;292;Mansion292;292
4;1107;747;Mansion293;293
4;550;778;Mansion294;294
4;1173;185;Mansion295;295
4;1486;582;Mansion296;296
4;492;520;Mansion297;297
4;997;319;Mansion298;298
4;326;595;Mansion299;299
4;764;624;Mansion300;300
4;1562;273;Mansion301;301
4;976;24;Mansion302;302
4;1021;758;Mansion303;303
4;630;594;Mansion304;304
4;708;109;Mansion305;305
4;787;513;Mansion306;306
4;1466;257;Mansion307;307
4;238;184;Mansion308;308
4;1400;669;Mansion309;309
4;621;408;Mansion310;310
4;208;520;Mansion311;311
4;300;560;Mansion312;312
4;653;737;Mansion313;313
4;400;46;Mansion314;314
4;848;333;Mansion315;315
4;1175;475;Mansion316;316
4;1006;177;Mansion317;317
4;33;317;Mansion318;318
4;1574;322;Mansion319;319
4;1187;173;Mansion320;320
4;1332;564;Mansion321;321
4;522;107;Mansion322;322
4;1295;375;Mansion323;323
4;702;806;Mansion324;324
4;1326;461;Mansion325;325
4;530;753;Mansion326;326
4;1125;504;Mansion327;327
4;1093;706;Mansion328;328
4;536;385;Mansion329;329
4;662;837;Mansion330;330
4;21;308;Mansion331;331
4;385;338;Mansion332;332
4;470;162;Mansion333;333
4;376;15;Mansion334;334
4;893;233;Mansion335;335
4;45;613;Mansion336;336
4;1014;197;Mansion337;337
4;268;68;Mansion338;338
4;1265;562;Mansion339;339
4;496;279;Mansion340;340
4;664;93;Mansion341;341
4;1521;719;Mansion342;342
4;318;182;Mansion343;343
4;1453;670;Mansion344;344
4;1211;771;Mansion345;345
4;832;789;Mansion346;346
4;1511;109;Mansion347;347
3;1012;720;Mansion348;348
3;581;493;Mansion349;349
3;1158;170;Mansion350;350
3;194;604;Mansion351;351
3;62;849;Mansion352;352
3;198;358;Mansion353;353
3;1033;39;Mansion354;354
3;59;719;Mansion355;355
3;1305;430;Mansion356;356
3;808;221;Mansion357;357
3;253;502;Mansion358;358
3;99;887;Mansion359;359
3;1145;794;Mansion360;360
3;504;670;Mansion361;361
3;1569;588;Mansion362;362
3;853;509;Mansion363;363
3;165;71;Mansion364;364
3;976;840;Mansion365;365
3;1499;678;Mansion366;366
3;119;449;Mansion367;367
3;1534;211;Mansion368;368
3;799;178;Mansion369;369
3;1080;418;Mansion370;370
3;984;484;Mansion371;371
3;713;645;Mansion372;372
3;205;644;Mansion373;373
3;928;565;Mansion374;374
3;304;654;Mansion375;375
3;1317;380;Mansion376;376
3;255;424;Mansion377;377
3;1078;884;Mansion378;378
3;1227;629;Mansion379;379
3;155;652;Mansion380;380
3;1452;40;Mansion381;381
3;1579;810;Mansion382;382
3;1275;419;Mansion383;383
3;1411;325;Mansion384;384
3;522;521;Mansion385;385
3;945;254;Mansion386;386
3;1170;249;Mansion387;387
3;641;855;Mansion388;388
3;405;291;Mansion389;389
3;1206;799;Mansion390;390
3;624;312;Mansion391;391
3;1001;284;Mansion392;392
3;1319;317;Mansion393;393
3;379;579;Mansion394;394
3;1167;630;Mansion395;395
3;171;39;Mansion396;396
3;1126;186;Mansion397;397
3;828;489;Mansion398;398
3;1051;276;Mansion399;399
3;219;43;Mansion400;400
3;811;864;Mansion401;401
3;625;350;Mansion402;402
3;108;314;Mansion403;403
3;77;185;Mansion404;404
3;1478;709;Mansion405;405
3;569;686;Mansion406;406
3;333;373;Mansion407;407
3;848;536;Mansion408;408
3;1060;806;Mansion409;409
3;1417;259;Mansion410;410
3;555;427;Mansion411;411
3;589;662;Mansion412;412
3;515;383;Mansion413;413
3;845;280;Mansion414;414
3;1344;548;Mansion415;415
3;278;32;Mansion416;416
3;133;861;Mansion417;417
3;1435;161;Mansion418;418
3;498;491;Mansion419;419
3;1524;763;Mansion420;420
3;384;833;Mansion421;421
3;542;223;Mansion422;422
3;1237;224;Mansion423;423
3;578;15;Mansion424;424
3;288;253;Mansion425;425
3;1365;61;Mansion426;426
3;262;682;Mansion427;427
3;943;94;Mansion428;428
3;546;261;Mansion429;429
3;1306;605;Mansion430;430
3;650;701;Mansion431;431
3;345;783;Mansion432;432
3;870;706;Mansion433;433
3;1550;97;Mansion434;434
3;1368;264;Mansion435;435
3;1333;357;Mansion436;436
3;613;155;Mansion437;437
3;465;722;Mansion438;438
3;638;555;Mansion439;439
3;815;602;Mansion440;440
3;1077;353;Mansion441;441
3;1178;843;Mansion442;442
3;721;10;Mansion443;443
3;1474;274;Mansion444;444
3;1222;817;Mansion445;445
3;392;748;Mansion446;446
3;763;591;Mansion447;447
3;1226;835;Mansion448;448
3;839;736;Mansion449;449
3;1249;334;Mansion450;450
3;157;307;Mansion451;451
3;384;287;Mansion452;452
3;526;318;Mansion453;453
3;1166;761;Mansion454;454
3;1415;539;Mansion455;455
3;240;603;Mansion456;456
3;588;50;Mansion457;457
3;1205;509;Mansion458;458
3;728;695;Mansion459;459
3;225;664;Mansion460;460
3;120;74;Mansion461;461
3;1202;104;Mansion462;462
3;94;657;Mansion463;463
3;932;450;Mansion464;464
3;610;686;Mansion465;465
3;680;777;Mansion466;466
3;689;556;Mansion467;467
3;711;482;Mansion468;468
3;1381;718;Mansion469;469
3;473;371;Mansion470;470
3;795;405;Mansion471;471
3;208;675;Mansion472;472
3;793;440;Mansion473;473
3;1124;389;Mansion474;474
3;1372;598;Mansion475;475
3;152;510;Mansion476;476
3;1061;410;Mansion477;477
3;844;698;Mansion478;478
3;1026;834;Mansion479;479
3;918;231;Mansion480;480
3;550;616;Mansion481;481
3;391;609;Mansion482;482
3;568;759;Mansion483;483
3;214;17;Mansion484;484
3;314;780;Mansion485;485
3;335;571;Mansion486;486
3;825;229;Mansion487;487
3;573;200;Mansion488;488
3;822;329;Mansion489;489
3;1379;701;Mansion490;490
3;641;300;Mansion491;491
3;148;182;Mansion492;492
3;866;565;Mansion493;493
3;47;733;Mansion494;494
3;458;390;Mansion495;495
3;980;90;Mansion496;496
3;479;609;Mansion497;497
3;838;136;Mansion498;498
3;919;757;Mansion499;499
3;60;231;Mansion500;500
3;1023;122;Mansion501;501
3;862;88;Mansion502;502
3;601;243;Mansion503;503
3;87;874;Mansion504;504
3;133;437;Mansion505;505
3;713;371;Mansion506;506
3;462;663;Mansion507;507
3;903;713;Mansion508;508
3;1149;332;Mansion509;509
3;499;201;Mansion510;510
3;16;661;Mansion511;511
3;238;91;Mansion512;512
3;168;776;Mansion513;513
3;1173;513;Mansion514;514
3;400;111;Mansion515;515
3;56;377;Mansion516;516
3;1569;208;Mansion517;517
3;1585;109;Mansion518;518
3;841;85;Mansion519;519
3;200;313;Mansion520;520
3;1275;167;Mansion521;521
3;843;160;Mansion522;522
3;300;631;Mansion523;523
3;886;340;Mansion524;524
3;1406;759;Mansion525;525
3;596;609;Mansion526;526
3;278;662;Mansion527;527
3;1077;691;Mansion528;528
3;972;777;Mansion529;529
3;202;207;Mansion530;530
3;285;398;Mansion531;531
3;494;392;Mansion532;532
3;758;233;Mansion533;533
3;577;283;Mansion534;534
3;1551;160;Mansion535;535
3;1547;652;Mansion536;536
3;1080;642;Mansion537;537
3;490;72;Mansion538;538
3;1247;473;Mansion539;539
3;1584;400;Mansion540;540
3;1215;18;Mansion541;541
3;538;643;Mansion542;542
3;1076;491;Mansion543;543
3;410;758;Mansion544;544
3;492;475;Mansion545;545
3;1028;341;Mansion546;546
3;1208;856;Mansion547;547
3;273;734;Mansion548;548
3;1419;288;Mansion549;549
3;661;421;Mansion550;550
3;513;746;Mansion551;551
3;706;454;Mansion552;552
3;549;103;Mansion553;553
3;946;231;Mansion554;554
3;209;67;Mansion555;555
3;110;844;Mansion556;556
3;1083;592;Mansion557;557
3;569;122;Mansion558;558
3;305;857;Mansion559;559
3;1132;315;Mansion560;560
3;726;254;Mansion561;561
3;699;135;Mansion562;562
3;711;260;Mansion563;563
3;357;404;Mansion564;564
3;41;557;Mansion565;565
3;272;447;Mansion566;566
3;897;524;Mansion567;567
3;83;133;Mansion568;568
3;1515;809;Mansion569;569
3;536;623;Mansion570;570
3;824;111;Mansion571;571
3;997;537;Mansion572;572
3;30;635;Mansion573;573
3;372;650;Mansion574;574
3;428;53;Mansion575;575
3;920;213;Mansion576;576
3;93;304;Mansion577;577
3;1100;281;Mansion578;578
3;359;79;Mansion579;579
3;44;185;Mansion580;580
3;1430;601;Mansion581;581
3;144;541;Mansion582;582
3;942;279;Mansion583;583
3;109;762;Mansion584;584
3;533;677;Mansion585;585
3;1383;185;Mansion586;586
3;238;56;Mansion587;587
3;433;495;Mansion588;588
3;290;746;Mansion589;589
3;328;766;Mansion590;590
3;511;43;Mansion591;591
3;1239;650;Mansion592;592
3;226;466;Mansion593;593
3;751;121;Mansion594;594
3;1001;654;Mansion595;595
3;146;711;Mansion596;596
3;1051;232;Mansion597;597
3;243;463;Mansion598;598
3;1275;693;Mansion599;599
3;344;624;Mansion600;600
3;1119;283;Mansion601;601
3;1300;496;Mansion602;602
3;644;478;Mansion603;603
3;669;222;Mansion604;604
3;778;173;Mansion605;605
3;128;466;Mansion606;606
3;111;356;Mansion607;607
3;234;751;Mansion608;608
3;715;849;Mansion609;609
3;524;845;Mansion610;610
3;328;659;Mansion611;611
3;85;574;Mansion612;612
3;582;348;Mansion613;613
3;1006;395;Mansion614;614
3;387;164;Mansion615;615
3;211;565;Mansion616;616
3;1114;558;Mansion617;617
3;981;504;Mansion618;618
3;554;30;Mansion619;619
3;560;348;Mansion620;620
3;352;352;Mansion621;621
3;188;373;Mansion622;622
3;1161;569;Mansion623;623
3;456;475;Mansion624;624
3;1205;610;Mansion625;625
3;61;100;Mansion626;626
3;1045;109;Mansion627;627
3;255;235;Mansion628;628
3;607;652;Mansion629;629
3;214;875;Mansion630;630
3;1197;445;Mansion631;631
3;13;888;Mansion632;632
3;1142;679;Mansion633;633
3;572;440;Mansion634;634
3;49;50;Mansion635;635
3;146;80;Mansion636;636
3;1158;88;Mansion637;637
3;145;270;Mansion638;638
3;925;144;Mansion639;639
3;65;669;Mansion640;640
3;66;260;Mansion641;641
3;34;114;Mansion642;642
3;1381;875;Mansion643;643
3;1374;575;Mansion644;644
3;1479;472;Mansion645;645
3;201;775;Mansion646;646
3;1132;272;Mansion647;647
3;461;887;Mansion648;648
3;182;301;Mansion649;649
3;908;160;Mansion650;650
3;1503;559;Mansion651;651
3;1290;688;Mansion652;652
3;1189;21;Mansion653;653
3;1013;600;Mansion654;654
3;1491;413;Mansion655;655
3;404;408;Mansion656;656
3;1120;878;Mansion657;657
3;1386;164;Mansion658;658
3;1411;245;Mansion659;659
3;832;625;Mansion660;660
3;1503;340;Mansion661;661
3;1164;333;Mansion662;662
3;1510;451;Mansion663;663
3;78;42;Mansion664;664
3;1513;575;Mansion665;665
3;829;280;Mansion666;666
3;1184;295;Mansion667;667
3;570;786;Mansion668;668
3;1217;349;Mansion669;669
3;1533;265;Mansion670;670
3;1352;603;Mansion671;671
3;743;717;Mansion672;672
3;761;762;Mansion673;673
3;759;456;Mansion674;674
3;656;337;Mansion675;675
3;1583;683;Mansion676;676
3;801;370;Mansion677;677
3;1340;528;Mansion678;678
3;1089;336;Mansion679;679
3;1397;224;Mansion680;680
3;983;399;Mansion681;681
3;884;782;Mansion682;682
3;1053;137;Mansion683;683
3;1336;688;Mansion684;684
3;623;473;Mansion685;685
3;418;314;Mansion686;686
3;56;783;Mansion687;687
3;962;332;Mansion688;688
3;103;188;Mansion689;689
3;496;370;Mansion690;690
3;926;300;Mansion691;691
3;1589;522;Mansion692;692
3;1087;269;Mansion693;693
3;249;395;Mansion694;694
3;1512;28;Mansion695;695
3;1094;630;Mansion696;696
3;1094;146;Mansion697;697
3;936;745;Mansion698;698
3;274;643;Mansion699;699
3;1353;202;Mansion700;700
3;278;484;Mansion701;701
3;1095;172;Mansion702;702
3;783;229;Mansion703;703
3;1472;495;Mansion704;704
3;1307;581;Mansion705;705
3;118;617;Mansion706;706
3;1338;437;Mansion707;707
3;859;766;Mansion708;708
3;342;78;Mansion709;709
3;1571;532;Mansion710;710
3;510;767;Mansion711;711
3;1104;658;Mansion712;712
3;242;862;Mansion713;713
3;385;878;Mansion714;714
3;721;822;Mansion715;715
3;472;312;Mansion716;716
3;585;790;Mansion717;717
3;1577;34;Mansion718;718
3;1363;130;Mansion719;719
3;1015;490;Mansion720;720
3;1473;542;Mansion721;721
3;1028;294;Mansion722;722
3;1119;488;Mansion723;723
3;13;644;Mansion724;724
3;1081;750;Mansion725;725
3;529;353;Mansion726;726
3;1350;475;Mansion727;727
3;1084;812;Mansion728;728
3;1063;81;Mansion729;729
3;1456;341;Mansion730;730
3;350;472;Mansion731;731
3;1449;717;Mansion732;732
3;1223;283;Mansion733;733
3;1306;626;Mansion734;734
3;592;257;Mansion735;735
3;27;843;Mansion736;736
3;854;144;Mansion737;737
3;1250;65;Mansion738;738
3;946;402;Mansion739;739
3;514;878;Mansion740;740
3;644;460;Mansion741;741
3;475;61;Mansion742;742
2;324;35;Mansion743;743
2;1274;672;Mansion744;744
2;689;340;Mansion745;745
2;809;19;Mansion746;746
2;1504;795;Mansion747;747
2;595;587;Mansion748;748
2;1344;450;Mansion749;749
2;1324;10;Mansion750;750
2;443;28;Mansion751;751
2;335;751;Mansion752;752
2;729;660;Mansion753;753
2;162;166;Mansion754;754
2;67;633;Mansion755;755
2;247;77;Mansion756;756
2;563;367;Mansion757;757
2;708;67;Mansion758;758
2;441;412;Mansion759;759
2;1352;353;Mansion760;760
2;1030;693;Mansion761;761
2;136;89;Mansion762;762
2;576;747;Mansion763;763
2;344;324;Mansion764;764
2;128;733;Mansion765;765
2;862;471;Mansion766;766
2;1541;222;Mansion767;767
2;356;814;Mansion768;768
2;815;125;Mansion769;769
2;292;98;Mansion770;770
2;543;525;Mansion771;771
2;564;615;Mansion772;772
2;1426;116;Mansion773;773
2;74;706;Mansion774;774
2;1283;275;Mansion775;775
2;1159;848;Mansion776;776
2;798;700;Mansion777;777
2;1226;323;Mansion778;778
2;1047;461;Mansion779;779
2;274;842;Mansion780;780
2;824;61;Mansion781;781
2;488;508;Mansion782;782
2;811;370;Mansion783;783
2;1573;189;Mansion784;784
2;421;541;Mansion785;785
2;48;211;Mansion786;786
2;454;298;Mansion787;787
2;231;232;Mansion788;788
2;435;746;Mansion789;789
2;1502;820;Mansion790;790
2;951;855;Mansion791;791
2;359;555;Mansion792;792
2;1352;681;Mansion793;793
2;966;252;Mansion794;794
2;827;250;Mansion795;795
2;13;745;Mansion796;796
2;1047;683;Mansion797;797
2;1151;150;Mansion798;798
2;426;680;Mansion799;799
2;630;841;Mansion800;800
2;642;734;Mansion801;801
2;1589;146;Mansion802;802
2;1361;638;Mansion803;803
2;1389;553;Mansion804;804
2;895;290;Mansion805;805
2;1061;522;Mansion806;806
2;924;837;Mansion807;807
2;1007;221;Mansion808;808
2;127;55;Mansion809;809
2;151;612;Mansion810;810
2;1335;710;Mansion811;811
2;572;704;Mansion812;812
2;1526;448;Mansion813;813
2;824;80;Mansion814;814
2;1449;386;Mansion815;815
2;994;475;Mansion816;816
2;905;90;Mansion817;817
2;1014;128;Mansion818;818
2;654;468;Mansion819;819
2;489;204;Mansion820;820
2;1303;875;Mansion821;821
2;1492;594;Mansion822;822
2;234;159;Mansion823;823
2;453;155;Mansion824;824
2;1315;528;Mansion825;825
2;1490;403;Mansion826;826
2;1061;625;Mansion827;827
2;136;124;Mansion828;828
2;1135;539;Mansion829;829
2;848;133;Mansion830;830
2;863;126;Mansion831;831
2;654;84;Mansion832;832
2;946;749;Mansion833;833
2;665;501;Mansion834;834
2;1089;469;Mansion835;835
2;1517;374;Mansion836;836
2;358;636;Mansion837;837
2;1000;694;Mansion838;838
2;669;267;Mansion839;839
2;1390;18;Mansion840;840
2;1371;182;Mansion841;841
2;1013;504;Mansion842;842
2;1453;660;Mansion843;843
2;241;207;Mansion844;844
2;626;281;Mansion845;845
2;211;104;Mansion846;846
2;1111;144;Mansion847;847
2;652;652;Mansion848;848
2;967;109;Mansion849;849
2;1515;507;Mansion850;850
2;395;517;Mansion851;851
2;1494;784;Mansion852;852
2;725;378;Mansion853;853
2;502;331;Mansion854;854
2;141;296;Mansion855;855
2;194;705;Mansion856;856
2;457;531;Mansion857;857
2;1144;568;Mansion858;858
2;975;139;Mansion859;859
2;700;242;Mansion860;860
2;1535;42;Mansion861;861
2;1091;25;Mansion862;862
2;292;602;Mansion863;863
2;917;716;Mansion864;864
2;181;616;Mansion865;865
2;864;848;Mansion866;866
2;153;792;Mansion867;867
2;230;591;Mansion868;868
2;1146;396;Mansion869;869
2;92;42;Mansion870;870
2;883;233;Mansion871;871
2;336;395;Mansion872;872
2;1503;869;Mansion873;873
2;1432;291;Mansion874;874
2;220;225;Mansion875;875
2;871;317;Mansion876;876
2;721;443;Mansion877;877
2;765;162;Mansion878;878
2;885;22;Mansion879;879
2;262;471;Mansion880;880
2;561;645;Mansion881;881
2;716;739;Mansion882;882
2;982;867;Mansion883;883
2;827;676;Mansion884;884
2;1400;844;Mansion885;885
2;732;598;Mansion886;886
2;1461;127;Mansion887;887
2;874;617;Mansion888;888
2;284;454;Mansion889;889
2;479;115;Mansion890;890
2;1470;66;Mansion891;891
2;590;273;Mansion892;892
2;354;678;Mansion893;893
2;1240;294;Mansion894;894
2;25;671;Mansion895;895
2;1454;309;Mansion896;896
2;139;482;Mansion897;897
2;475;720;Mansion898;898
2;1479;793;Mansion899;899
2;1485;126;Mansion900;900
2;1438;276;Mansion901;901
2;1358;306;Mansion902;902
2;1294;338;Mansion903;903
2;351;491;Mansion904;904
2;1148;93;Mansion905;905
2;955;40;Mansion906;906
2;557;117;Mansion907;907
2;220;451;Mansion908;908
2;860;369;Mansion909;909
2;1340;665;Mansion910;910
2;1192;885;Mansion911;911
2;1569;399;Mansion912;912
2;741;443;Mansion913;913
2;496;427;Mansion914;914
2;852;268;Mansion915;915
2;400;674;Mansion916;916
2;634;819;Mansion917;917
2;1214;748;Mansion918;918
2;485;303;Mansion919;919
2;409;865;Mansion920;920
2;795;847;Mansion921;921
2;836;668;Mansion922;922
2;1122;445;Mansion923;923
2;1067;432;Mansion924;924
2;528;461;Mansion925;925
2;102;414;Mansion926;926
2;160;467;Mansion927;927
2;105;244;Mansion928;928
2;1304;144;Mansion929;929
2;416;840;Mansion930;930
2;1381;130;Mansion931;931
2;1125;142;Mansion932;932
2;208;495;Mansion933;933
2;1091;755;Mansion934;934
2;1148;11;Mansion935;935
2;344;613;Mansion936;936
2;1436;807;Mansion937;937
2;1218;71;Mansion938;938
2;255;217;Mansion939;939
2;1272;56;Mansion940;940
2;160;353;Mansion941;941
2;1531;693;Mansion942;942
2;434;218;Mansion943;943
2;661;161;Mansion944;944
2;1187;77;Mansion945;945
2;378;796;Mansion946;946
2;318;216;Mansion947;947
2;607;845;Mansion948;948
2;1358;762;Mansion949;949
2;1047;879;Mansion950;950
2;1064;637;Mansion951;951
2;1179;326;Mansion952;952
2;1333;337;Mansion953;953
2;419;625;Mansion954;954
2;1237;756;Mansion955;955
2;372;845;Mansion956;956
2;944;563;Mansion957;957
2;1351;401;Mansion958;958
2;1269;706;Mansion959;959
2;43;239;Mansion960;960
2;367;676;Mansion961;961
2;875;495;Mansion962;962
2;669;449;Mansion963;963
2;1117;426;Mansion964;964
2;680;750;Mansion965;965
2;1285;543;Mansion966;966
2;1157;267;Mansion967;967
2;125;889;Mansion968;968
2;1372;346;Mansion969;969
2;164;15;Mansion970;970
2;1442;468;Mansion971;971
2;1461;156;Mansion972;972
2;1464;49;Mansion973;973
2;1048;316;Mansion974;974
2;1054;447;Mansion975;975
2;849;206;Mansion976;976
2;500;562;Mansion977;977
2;1425;157;Mansion978;978
2;869;808;Mansion979;979
2;1209;466;Mansion980;980
2;20;735;Mansion981;981
2;619;642;Mansion982;982
2;774;456;Mansion983;983
2;379;327;Mansion984;984
2;331;328;Mansion985;985
2;1528;14;Mansion986;986
2;428;576;Mansion987;987
2;805;740;Mansion988;988
2;1201;195;Mansion989;989
2;1171;574;Mansion990;990
2;783;574;Mansion991;991
2;899;663;Mansion992;992
2;743;227;Mansion993;993
2;889;450;Mansion994;994
2;694;292;Mansion995;995
2;1022;220;Mansion996;996
2;1552;744;Mansion997;997
2;472;772;Mansion998;998
2;479;787;Mansion999;999
2;1328;60;Mansion1000;1000
2;177;831;Mansion1001;1001
2;953;497;Mansion1002;1002
2;586;742;Mansion1003;1003
2;225;413;Mansion1004;1004
2;1038;795;Mansion1005;1005
2;972;613;Mansion1006;1006
2;1005;455;Mansion1007;1007
2;1534;312;Mansion1008;1008
2;786;871;Mansion1009;1009
2;914;492;Mansion1010;1010
2;709;12;Mansion1011;1011
2;214;532;Mansion1012;1012
2;883;711;Mansion1013;1013
2;883;806;Mansion1014;1014
2;1429;317;Mansion1015;1015
2;26;560;Mansion1016;1016
2;1533;558;Mansion1017;1017
2;1204;380;Mansion1018;1018
2;1569;806;Mansion1019;1019
2;609;708;Mansion1020;1020
2;1175;214;Mansion1021;1021
2;773;314;Mansion1022;1022
2;201;442;Mansion1023;1023
2;117;219;Mansion1024;1024
2;544;474;Mansion1025;1025
2;230;447;Mansion1026;1026
2;79;544;Mansion1027;1027
2;1218;262;Mansion1028;1028
2;1159;585;Mansion1029;1029
2;956;567;Mansion1030;1030
2;1177;459;Mansion1031;1031
2;943;340;Mansion1032;1032
2;494;56;Mansion1033;1033
2;639;234;Mansion1034;1034
2;946;25;Mansion1035;1035
2;1291;877;Mansion1036;1036
2;1427;888;Mansion1037;1037
2;752;496;Mansion1038;1038
2;1282;316;Mansion1039;1039
2;1502;464;Mansion1040;1040
2;985;63;Mansion1041;1041
2;402;432;Mansion1042;1042
2;500;508;Mansion1043;1043
2;362;183;Mansion1044;1044
2;154;416;Mansion1045;1045
2;1363;857;Mansion1046;1046
2;29;431;Mansion1047;1047
2;589;39;Mansion1048;1048
2;454;776;Mansion1049;1049
2;745;237;Mansion1050;1050
2;1182;42;Mansion1051;1051
2;1366;427;Mansion1052;1052
2;1387;612;Mansion1053;1053
2;450;871;Mansion1054;1054
2;767;363;Mansion1055;1055
2;573;633;Mansion1056;1056
2;1210;327;Mansion1057;1057
2;866;665;Mansion1058;1058
2;962;858;Mansion1059;1059
2;668;174;Mansion1060;1060
2;798;287;Mansion1061;1061
2;1377;423;Mansion1062;1062
2;230;817;Mansion1063;1063
2;1237;672;Mansion1064;1064
2;1262;867;Mansion1065;1065
2;1082;667;Mansion1066;1066
2;215;765;Mansion1067;1067
2;20;821;Mansion1068;1068
2;357;783;Mansion1069;1069
2;240;733;Mansion1070;1070
2;1442;516;Mansion1071;1071
2;769;652;Mansion1072;1072
2;1564;871;Mansion1073;1073
2;336;504;Mansion1074;1074
2;173;65;Mansion1075;1075
2;1583;271;Mansion1076;1076
2;1534;780;Mansion1077;1077
2;988;197;Mansion1078;1078
2;128;229;Mansion1079;1079
2;1023;500;Mansion1080;1080
2;170;195;Mansion1081;1081
2;747;838;Mansion1082;1082
2;266;607;Mansion1083;1083
2;456;330;Mansion1084;1084
2;279;824;Mansion1085;1085
2;343;832;Mansion1086;1086
2;679;682;Mansion1087;1087
2;790;614;Mansion1088;1088
2;1453;200;Mansion1089;1089
2;842;67;Mansion1090;1090
2;492;417;Mansion1091;1091
2;397;716;Mansion1092;1092
2;319;625;Mansion1093;1093
2;256;810;Mansion1094;1094
2;1103;476;Mansion1095;1095
2;1547;73;Mansion1096;1096
2;232;630;Mansion1097;1097
2;108;97;Mansion1098;1098
2;1023;260;Mansion1099;1099
2;937;666;Mansion1100;1100
2;565;741;Mansion1101;1101
2;606;666;Mansion1102;1102
2;1324;179;Mansion1103;1103
2;1404;442;Mansion1104;1104
2;90;322;Mansion1105;1105
2;214;300;Mansion1106;1106
2;911;595;Mansion1107;1107
2;824;872;Mansion1108;1108
2;883;304;Mansion1109;1109
2;410;705;Mansion1110;1110
2;1256;649;Mansion1111;1111
2;1135;440;Mansion1112;1112
2;687;785;Mansion1113;1113
2;736;330;Mansion1114;1114
2;693;606;Mansion1115;1115
2;666;580;Mansion1116;1116
2;1464;878;Mansion1117;1117
2;518;27;Mansion1118;1118
2;84;775;Mansion1119;1119
2;654;718;Mansion1120;1120
2;578;587;Mansion1121;1121
2;198;848;Mansion1122;1122
2;354;737;Mansion1123;1123
2;297;369;Mansion1124;1124
2;1370;277;Mansion1125;1125
2;274;802;Mansion1126;1126
2;737;475;Mansion1127;1127
2;1078;469;Mansion1128;1128
2;1414;234;Mansion1129;1129
2;56;281;Mansion1130;1130
2;748;693;Mansion1131;1131
2;24;375;Mansion1132;1132
2;642;760;Mansion1133;1133
2;1251;282;Mansion1134;1134
2;966;229;Mansion1135;1135
2;569;330;Mansion1136;1136
2;1388;269;Mansion1137;1137
2;1239;881;Mansion1138;1138
2;1181;577;Mansion1139;1139
2;1052;729;Mansion1140;1140
2;956;448;Mansion1141;1141
2;441;789;Mansion1142;1142
2;1423;517;Mansion1143;1143
2;394;350;Mansion1144;1144
2;1355;498;Mansion1145;1145
2;1360;169;Mansion1146;1146
2;316;638;Mansion1147;1147
2;401;216;Mansion1148;1148
2;804;455;Mansion1149;1149
2;1342;752;Mansion1150;1150
2;954;623;Mansion1151;1151
2;115;247;Mansion1152;1152
2;30;460;Mansion1153;1153
2;309;747;Mansion1154;1154
2;856;78;Mansion1155;1155
2;27;297;Mansion1156;1156
2;1376;508;Mansion1157;1157
2;563;849;Mansion1158;1158
2;94;771;Mansion1159;1159
2;1028;248;Mansion1160;1160
2;1403;461;Mansion1161;1161
2;332;308;Mansion1162;1162
2;1225;19;Mansion1163;1163
2;932;74;Mansion1164;1164
2;468;828;Mansion1165;1165
2;1237;243;Mansion1166;1166
2;434;233;Mansion1167;1167
2;375;376;Mansion1168;1168
2;309;262;Mansion1169;1169
2;926;603;Mansion1170;1170
2;348;307;Mansion1171;1171
2;551;202;Mansion1172;1172
2;353;55;Mansion1173;1173
2;1495;64;Mansion1174;1174
2;764;283;Mansion1175;1175
2;1092;253;Mansion1176;1176
2;1511;751;Mansion1177;1177
2;873;555;Mansion1178;1178
2;842;417;Mansion1179;1179
2;1150;307;Mansion1180;1180
2;369;219;Mansion1181;1181
2;22;396;Mansion1182;1182
2;1498;358;Mansion1183;1183
2;699;740;Mansion1184;1184
2;1317;887;Mansion1185;1185
2;156;143;Mansion1186;1186
2;127;104;Mansion1187;1187
2;989;358;Mansion1188;1188
2;625;157;Mansion1189;1189
2;1353;77;Mansion1190;1190
2;1470;425;Mansion1191;1191
2;312;102;Mansion1192;1192
2;1049;599;Mansion1193;1193
2;1038;775;Mansion1194;1194
2;296;452;Mansion1195;1195
2;550;364;Mansion1196;1196
2;1060;778;Mansion1197;1197
2;1138;848;Mansion1198;1198
2;1463;89;Mansion1199;1199
2;1278;77;Mansion1200;1200
2;1413;352;Mansion1201;1201
2;1196;320;Mansion1202;1202
2;1489;704;Mansion1203;1203
2;483;817;Mansion1204;1204
2;41;580;Mansion1205;1205
2;477;323;Mansion1206;1206
2;23;246;Mansion1207;1207
2;195;289;Mansion1208;1208
2;1538;403;Mansion1209;1209
2;94;587;Mansion1210;1210
2;361;713;Mansion1211;1211
2;971;677;Mansion1212;1212
2;1082;34;Mansion1213;1213
2;884;68;Mansion1214;1214
2;1512;221;Mansion1215;1215
2;333;145;Mansion1216;1216
2;590;224;Mansion1217;1217
2;539;861;Mansion1218;1218
2;434;554;Mansion1219;1219
2;591;404;Mansion1220;1220
2;494;35;Mansion1221;1221
2;81;449;Mansion1222;1222
2;656;254;Mansion1223;1223
2;1020;402;Mansion1224;1224
2;1415;150;Mansion1225;1225
2;636;158;Mansion1226;1226
2;151;688;Mansion1227;1227
2;437;360;Mansion1228;1228
2;1159;610;Mansion1229;1229
2;1449;163;Mansion1230;1230
2;1057;379;Mansion1231;1231
2;1580;538;Mansion1232;1232
2;1149;110;Mansion1233;1233
2;380;758;Mansion1234;1234
2;192;730;Mansion1235;1235
2;1431;670;Mansion1236;1236
2;807;300;Mansion1237;1237
2;386;818;Mansion1238;1238
2;269;695;Mansion1239;1239
2;249;191;Mansion1240;1240
2;41;520;Mansion1241;1241
2;219;158;Mansion1242;1242
2;462;678;Mansion1243;1243
2;316;333;Mansion1244;1244
2;1389;236;Mansion1245;1245
2;106;551;Mansion1246;1246
2;417;462;Mansion1247;1247
2;892;821;Mansion1248;1248
2;590;885;Mansion1249;1249
2;468;872;Mansion1250;1250
2;383;92;Mansion1251;1251
2;1410;770;Mansion1252;1252
1;857;353;Mansion1253;1253
1;1176;108;Mansion1254;1254
1;287;652;Mansion1255;1255
1;1098;670;Mansion1256;1256
1;452;171;Mansion1257;1257
1;1200;784;Mansion1258;1258
1;954;470;Mansion1259;1259
1;650;556;Mansion1260;1260
1;1144;74;Mansion1261;1261
1;520;596;Mansion1262;1262
1;991;422;Mansion1263;1263
1;1261;446;Mansion1264;1264
1;1503;632;Mansion1265;1265
1;1359;45;Mansion1266;1266
1;1535;250;Mansion1267;1267
1;1402;286;Mansion1268;1268
1;1014;776;Mansion1269;1269
1;706;843;Mansion1270;1270
1;637;334;Mansion1271;1271
1;441;432;Mansion1272;1272
1;1025;652;Mansion1273;1273
1;400;257;Mansion1274;1274
1;588;210;Mansion1275;1275
1;389;490;Mansion1276;1276
1;1264;472;Mansion1277;1277
1;54;396;Mansion1278;1278
1;799;520;Mansion1279;1279
1;1533;424;Mansion1280;1280
1;565;297;Mansion1281;1281
1;642;357;Mansion1282;1282
1;241;43;Mansion1283;1283
1;982;159;Mansion1284;1284
1;414;581;Mansion1285;1285
1;1561;427;Mansion1286;1286
1;787;713;Mansion1287;1287
1;1470;444;Mansion1288;1288
1;722;321;Mansion1289;1289
1;1330;744;Mansion1290;1290
1;1409;186;Mansion1291;1291
1;1274;374;Mansion1292;1292
1;563;260;Mansion1293;1293
1;56;754;Mansion1294;1294
1;1073;334;Mansion1295;1295
1;133;625;Mansion1296;1296
1;114;886;Mansion1297;1297
1;1474;679;Mansion1298;1298
1;1261;410;Mansion1299;1299
1;730;738;Mansion1300;1300
1;838;481;Mansion1301;1301
1;574;372;Mansion1302;1302
1;1305;863;Mansion1303;1303
1;701;325;Mansion1304;1304
1;233;129;Mansion1305;1305
1;1403;555;Mansion1306;1306
1;1143;806;Mansion1307;1307
1;228;733;Mansion1308;1308
1;1235;125;Mansion1309;1309
1;779;542;Mansion1310;1310
1;794;73;Mansion1311;1311
1;1048;779;Mansion1312;1312
1;1533;705;Mansion1313;1313
1;88;196;Mansion1314;1314
1;766;331;Mansion1315;1315
1;455;214;Mansion1316;1316
1;1119;860;Mansion1317;1317
1;666;277;Mansion1318;1318
1;853;103;Mansion1319;1319
1;829;28;Mansion1320;1320
1;16;36;Mansion1321;1321
1;590;681;Mansion1322;1322
1;513;281;Mansion1323;1323
1;88;534;Mansion1324;1324
1;422;821;Mansion1325;1325
1;1208;183;Mansion1326;1326
1;737;389;Mansion1327;1327
1;1438;186;Mansion1328;1328
1;282;190;Mansion1329;1329
1;451;757;Mansion1330;1330
1;194;566;Mansion1331;1331
1;420;394;Mansion1332;1332
1;1108;391;Mansion1333;1333
1;1020;518;Mansion1334;1334
1;1404;394;Mansion1335;1335
1;1586;214;Mansion1336;1336
1;1287;487;Mansion1337;1337
1;822;548;Mansion1338;1338
1;1365;788;Mansion1339;1339
1;516;174;Mansion1340;1340
1;88;262;Mansion1341;1341
1;295;332;Mansion1342;1342
1;30;202;Mansion1343;1343
1;903;617;Mansion1344;1344
1;1327;232;Mansion1345;1345
1;961;68;Mansion1346;1346
1;340;702;Mansion1347;1347
1;350;749;Mansion1348;1348
1;493;818;Mansion1349;1349
1;1314;285;Mansion1350;1350
1;1160;14;Mansion1351;1351
1;848;569;Mansion1352;1352
1;1574;775;Mansion1353;1353
1;546;49;Mansion1354;1354
1;412;727;Mansion1355;1355
1;789;58;Mansion1356;1356
1;1081;182;Mansion1357;1357
1;1571;135;Mansion1358;1358
1;1323;518;Mansion1359;1359
1;1216;247;Mansion1360;1360
1;104;829;Mansion1361;1361
1;742;854;Mansion1362;1362
1;1121;747;Mansion1363;1363
1;1494;715;Mansion1364;1364
1;925;511;Mansion1365;1365
1;202;546;Mansion1366;1366
1;537;877;Mansion1367;1367
1;1363;76;Mansion1368;1368
1;230;262;Mansion1369;1369
1;110;377;Mansion1370;1370
1;942;818;Mansion1371;1371
1;811;197;Mansion1372;1372
1;1349;228;Mansion1373;1373
1;1016;738;Mansion1374;1374
1;572;536;Mansion1375;1375
1;483;91;Mansion1376;1376
1;384;711;Mansion1377;1377
1;306;576;Mansion1378;1378
1;1191;58;Mansion1379;1379
1;219;800;Mansion1380;1380
1;1306;272;Mansion1381;1381
1;666;487;Mansion1382;1382
1;1145;868;Mansion1383;1383
1;311;605;Mansion1384;1384
1;31;532;Mansion1385;1385
1;578;869;Mansion1386;1386
1;1175;832;Mansion1387;1387
1;766;492;Mansion1388;1388
1;177;573;Mansion1389;1389
1;1081;709;Mansion1390;1390
1;129;196;Mansion1391;1391
1;1108;269;Mansion1392;1392
1;888;387;Mansion1393;1393
1;1326;142;Mansion1394;1394
1;921;694;Mansion1395;1395
1;68;755;Mansion1396;1396
1;1540;584;Mansion1397;1397
1;1331;411;Mansion1398;1398
1;1330;783;Mansion1399;1399
1;877;536;Mansion1400;1400
1;1016;282;Mansion1401;1401
1;1382;562;Mansion1402;1402
1;785;274;Mansion1403;1403
1;553;803;Mansion1404;1404
1;1064;43;Mansion1405;1405
1;467;350;Mansion1406;1406
1;887;160;Mansion1407;1407
1;804;427;Mansion1408;1408
1;1555;229;Mansion1409;1409
1;840;237;Mansion1410;1410
1;16;46;Mansion1411;1411
1;937;349;Mansion1412;1412
1;636;131;Mansion1413;1413
1;1016;821;Mansion1414;1414
1;30;94;Mansion1415;1415
1;88;391;Mansion1416;1416
1;1219;550;Mansion1417;1417
1;785;374;Mansion1418;1418
1;1333;81;Mansion1419;1419
1;1013;568;Mansion1420;1420
1;1377;15;Mansion1421;1421
1;998;492;Mansion1422;1422
1;380;640;Mansion1423;1423
1;769;23;Mansion1424;1424
1;333;487;Mansion1425;1425
1;474;844;Mansion1426;1426
1;1336;591;Mansion1427;1427
1;1536;449;Mansion1428;1428
1;402;172;Mansion1429;1429
1;881;322;Mansion1430;1430
1;1541;365;Mansion1431;1431
1;1472;190;Mansion1432;1432
1;228;279;Mansion1433;1433
1;934;888;Mansion1434;1434
1;1298;566;Mansion1435;1435
1;894;718;Mansion1436;1436
1;979;170;Mansion1437;1437
1;1302;81;Mansion1438;1438
1;1517;829;Mansion1439;1439
1;1483;673;Mansion1440;1440
1;1038;339;Mansion1441;1441
1;605;535;Mansion1442;1442
1;319;477;Mansion1443;1443
1;1227;856;Mansion1444;1444
1;1240;47;Mansion1445;1445
1;752;209;Mansion1446;1446
1;417;526;Mansion1447;1447
1;974;349;Mansion1448;1448
1;1199;155;Mansion1449;1449
1;229;328;Mansion1450;1450
1;1234;67;Mansion1451;1451
1;1090;127;Mansion1452;1452
1;1122;732;Mansion1453;1453
1;1307;349;Mansion1454;1454
1;1110;576;Mansion1455;1455
1;1021;858;Mansion1456;1456
1;1558;31;Mansion1457;1457
1;1199;49;Mansion1458;1458
1;1564;459;Mansion1459;1459
1;253;538;Mansion1460;1460
1;1333;772;Mansion1461;1461
1;851;622;Mansion1462;1462
1;782;677;Mansion1463;1463
1;1002;90;Mansion1464;1464
1;734;648;Mansion1465;1465
1;1360;516;Mansion1466;1466
1;1356;837;Mansion1467;1467
1;831;102;Mansion1468;1468
1;614;489;Mansion1469;1469
1;740;776;Mansion1470;1470
1;1549;304;Mansion1471;1471
1;175;337;Mansion1472;1472
1;1117;355;Mansion1473;1473
1;1398;317;Mansion1474;1474
1;1319;669;Mansion1475;1475
1;187;234;Mansion1476;1476
1;1360;591;Mansion1477;1477
1;1231;640;Mansion1478;1478
1;1520;652;Mansion1479;1479
1;688;324;Mansion1480;1480
1;331;536;Mansion1481;1481
1;1561;348;Mansion1482;1482
1;362;273;Mansion1483;1483
1;406;537;Mansion1484;1484
1;1320;610;Mansion1485;1485
1;1461;582;Mansion1486;1486
1;278;467;Mansion1487;1487
1;1347;772;Mansion1488;1488
1;70;16;Mansion1489;1489
1;941;494;Mansion1490;1490
1;607;89;Mansion1491;1491
1;263;41;Mansion1492;1492
1;158;239;Mansion1493;1493
1;136;877;Mansion1494;1494
1;374;703;Mansion1495;1495
1;252;372;Mansion1496;1496
1;615;607;Mansion1497;1497
1;1481;884;Mansion1498;1498
1;338;225;Mansion1499;1499
1;1114;71;Mansion1500;1500
1;1289;39;Mansion1501;1501
1;579;414;Mansion1502;1502
1;555;485;Mansion1503;1503
1;511;422;Mansion1504;1504
1;583;532;Mansion1505;1505
1;874;168;Mansion1506;1506
1;321;695;Mansion1507;1507
1;491;768;Mansion1508;1508
1;1538;329;Mansion1509;1509
1;1191;859;Mansion1510;1510
1;256;604;Mansion1511;1511
1;1047;167;Mansion1512;1512
1;1228;173;Mansion1513;1513
1;302;845;Mansion1514;1514
1;755;326;Mansion1515;1515
1;1534;514;Mansion1516;1516
1;258;15;Mansion1517;1517
1;1099;887;Mansion1518;1518
1;650;542;Mansion1519;1519
1;1446;633;Mansion1520;1520
1;736;845;Mansion1521;1521
1;837;216;Mansion1522;1522
1;1445;112;Mansion1523;1523
1;78;502;Mansion1524;1524
1;313;501;Mansion1525;1525
1;801;883;Mansion1526;1526
1;847;816;Mansion1527;1527
1;1103;547;Mansion1528;1528
1;759;176;Mansion1529;1529
1;1135;872;Mansion1530;1530
1;986;217;Mansion1531;1531
1;1282;530;Mansion1532;1532
1;1450;484;Mansion1533;1533
1;241;541;Mansion1534;1534
1;596;426;Mansion1535;1535
1;736;260;Mansion1536;1536
1;1435;736;Mansion1537;1537
1;198;379;Mansion1538;1538
1;1113;114;Mansion1539;1539
1;1130;47;Mansion1540;1540
1;108;17;Mansion1541;1541
1;600;164;Mansion1542;1542
1;1267;255;Mansion1543;1543
1;291;227;Mansion1544;1544
1;1337;28;Mansion1545;1545
1;1199;734;Mansion1546;1546
1;108;723;Mansion1547;1547
1;1581;153;Mansion1548;1548
1;1218;623;Mansion1549;1549
1;1514;842;Mansion1550;1550
1;177;512;Mansion1551;1551
1;1483;636;Mansion1552;1552
1;763;122;Mansion1553;1553
1;343;714;Mansion1554;1554
1;1011;692;Mansion1555;1555
1;346;588;Mansion1556;1556
1;1106;800;Mansion1557;1557
1;1083;556;Mansion1558;1558
1;1259;42;Mansion1559;1559
1;591;772;Mansion1560;1560
1;1026;599;Mansion1561;1561
1;671;386;Mansion1562;1562
1;261;625;Mansion1563;1563
1;516;857;Mansion1564;1564
1;60;205;Mansion1565;1565
1;187;211;Mansion1566;1566
1;175;128;Mansion1567;1567
1;134;519;Mansion1568;1568
1;1336;267;Mansion1569;1569
1;461;63;Mansion1570;1570
1;134;173;Mansion1571;1571
1;166;133;Mansion1572;1572
1;963;502;Mansion1573;1573
1;741;30;Mansion1574;1574
1;494;185;Mansion1575;1575
1;312;704;Mansion1576;1576
1;1576;646;Mansion1577;1577
1;372;633;Mansion1578;1578
1;733;137;Mansion1579;1579
1;397;658;Mansion1580;1580
1;429;838;Mansion1581;1581
1;1264;334;Mansion1582;1582
1;148;579;Mansion1583;1583
1;611;347;Mansion1584;1584
1;818;685;Mansion1585;1585
1;254;86;Mansion1586;1586
1;319;731;Mansion1587;1587
1;823;753;Mansion1588;1588
1;1202;535;Mansion1589;1589
1;153;629;Mansion1590;1590
1;543;588;Mansion1591;1591
1;1441;150;Mansion1592;1592
1;268;584;Mansion1593;1593
1;798;868;Mansion1594;1594
1;15;476;Mansion1595;1595
1;528;19;Mansion1596;1596
1;496;734;Mansion1597;1597
1;356;220;Mansion1598;1598
1;514;296;Mansion1599;1599
1;144;520;Mansion1600;1600
1;682;582;Mansion1601;1601
1;368;416;Mansion1602;1602
1;1138;816;Mansion1603;1603
1;1409;717;Mansion1604;1604
1;1422;461;Mansion1605;1605
1;269;549;Mansion1606;1606
1;877;367;Mansion1607;1607
1;288;376;Mansion1608;1608
1;159;494;Mansion1609;1609
1;1491;286;Mansion1610;1610
1;722;208;Mansion1611;1611
1;1312;295;Mansion1612;1612
1;141;112;Mansion1613;1613
1;596;449;Mansion1614;1614
1;605;698;Mansion1615;1615
1;312;412;Mansion1616;1616
1;711;625;Mansion1617;1617
1;452;699;Mansion1618;1618
1;968;42;Mansion1619;1619
1;427;169;Mansion1620;1620
1;1046;697;Mansion1621;1621
1;104;300;Mansion1622;1622
1;1278;624;Mansion1623;1623
1;974;328;Mansion1624;1624
1;66;622;Mansion1625;1625
1;206;736;Mansion1626;1626
1;1548;441;Mansion1627;1627
1;486;448;Mansion1628;1628
1;597;630;Mansion1629;1629
1;52;144;Mansion1630;1630
1;502;632;Mansion1631;1631
1;589;14;Mansion1632;1632
1;321;826;Mansion1633;1633
1;744;14;Mansion1634;1634
1;351;376;Mansion1635;1635
1;449;521;Mansion1636;1636
1;1570;21;Mansion1637;1637
1;742;63;Mansion1638;1638
1;219;510;Mansion1639;1639
1;566;774;Mansion1640;1640
1;1083;399;Mansion1641;1641
1;159;769;Mansion1642;1642
1;584;314;Mansion1643;1643
1;1106;819;Mansion1644;1644
1;782;664;Mansion1645;1645
1;670;727;Mansion1646;1646
1;46;657;Mansion1647;1647
1;1547;622;Mansion1648;1648
1;1548;810;Mansion1649;1649
1;1385;734;Mansion1650;1650
1;817;25;Mansion1651;1651
1;58;412;Mansion1652;1652
1;70;376;Mansion1653;1653
1;586;371;Mansion1654;1654
1;1504;382;Mansion1655;1655
1;365;794;Mansion1656;1656
1;432;25;Mansion1657;1657
1;447;646;Mansion1658;1658
1;512;339;Mansion1659;1659
1;640;393;Mansion1660;1660
1;1578;432;Mansion1661;1661
1;1159;745;Mansion1662;1662
1;810;613;Mansion1663;1663
1;730;673;Mansion1664;1664
1;761;72;Mansion1665;1665
1;197;190;Mansion1666;1666
1;448;505;Mansion1667;1667
1;1382;357;Mansion1668;1668
1;851;666;Mansion1669;1669
1;960;660;Mansion1670;1670
1;977;689;Mansion1671;1671
1;669;798;Mansion1672;1672
1;290;704;Mansion1673;1673
1;894;598;Mansion1674;1674
1;957;224;Mansion1675;1675
1;953;317;Mansion1676;1676
1;1083;699;Mansion1677;1677
1;86;374;Mansion1678;1678
1;1187;105;Mansion1679;1679
1;707;219;Mansion1680;1680
1;833;460;Mansion1681;1681
1;421;157;Mansion1682;1682
1;1043;283;Mansion1683;1683
1;1561;772;Mansion1684;1684
1;50;257;Mansion1685;1685
1;1537;528;Mansion1686;1686
1;1461;795;Mansion1687;1687
1;830;378;Mansion1688;1688
1;889;249;Mansion1689;1689
1;1429;478;Mansion1690;1690
1;1031;169;Mansion1691;1691
1;1339;48;Mansion1692;1692
1;882;873;Mansion1693;1693
1;454;405;Mansion1694;1694
1;305;354;Mansion1695;1695
1;1359;538;Mansion1696;1696
1;967;13;Mansion1697;1697
1;446;810;Mansion1698;1698
1;1021;333;Mansion1699;1699
1;770;771;Mansion1700;1700
1;1012;667;Mansion1701;1701
1;587;106;Mansion1702;1702
1;1143;183;Mansion1703;1703
1;429;343;Mansion1704;1704
1;1388;284;Mansion1705;1705
1;819;777;Mansion1706;1706
1;1054;16;Mansion1707;1707
1;651;107;Mansion1708;1708
1;205;414;Mansion1709;1709
1;1375;219;Mansion1710;1710
1;875;178;Mansion1711;1711
1;68;115;Mansion1712;1712
1;224;722;Mansion1713;1713
1;66;574;Mansion1714;1714
1;236;653;Mansion1715;1715
1;1240;514;Mansion1716;1716
1;1134;390;Mansion1717;1717
1;104;640;Mansion1718;1718
1;179;751;Mansion1719;1719
1;1466;166;Mansion1720;1720
1;772;153;Mansion1721;1721
1;408;741;Mansion1722;1722
1;274;886;Mansion1723;1723
1;1527;798;Mansion1724;1724
1;700;22;Mansion1725;1725
1;444;372;Mansion1726;1726
1;1027;108;Mansion1727;1727
1;364;109;Mansion1728;1728
1;1015;796;Mansion1729;1729
1;36;395;Mansion1730;1730
1;342;546;Mansion1731;1731
1;184;736;Mansion1732;1732
1;730;402;Mansion1733;1733
1;1301;682;Mansion1734;1734
1;1404;258;Mansion1735;1735
1;856;479;Mansion1736;1736
1;1001;824;Mansion1737;1737
1;572;552;Mansion1738;1738
1;602;772;Mansion1739;1739
1;1424;103;Mansion1740;1740
1;390;846;Mansion1741;1741
1;1101;26;Mansion1742;1742
1;1103;702;Mansion1743;1743
1;543;634;Mansion1744;1744
1;592;799;Mansion1745;1745
1;49;686;Mansion1746;1746
1;1130;619;Mansion1747;1747
1;60;613;Mansion1748;1748
1;90;332;Mansion1749;1749
1;951;15;Mansion1750;1750
1;926;354;Mansion1751;1751
1;236;397;Mansion1752;1752
1;977;743;Mansion1753;1753
1;1418;490;Mansion1754;1754
1;1319;697;Mansion1755;1755
1;77;880;Mansion1756;1756
1;823;855;Mansion1757;1757
1;1127;215;Mansion1758;1758
1;1366;246;Mansion1759;1759
1;1252;344;Mansion1760;1760
1;1162;789;Mansion1761;1761
1;1519;186;Mansion1762;1762
1;191;549;Mansion1763;1763
1;105;79;Mansion1764;1764
1;1534;132;Mansion1765;1765
1;14;406;Mansion1766;1766
1;488;646;Mansion1767;1767
1;559;244;Mansion1768;1768
1;525;237;Mansion1769;1769
1;953;876;Mansion1770;1770
1;651;786;Mansion1771;1771
1;501;121;Mansion1772;1772
1;495;849;Mansion1773;1773
1;1563;695;Mansion1774;1774
1;445;831;Mansion1775;1775
1;685;194;Mansion1776;1776
1;985;846;Mansion1777;1777
1;230;854;Mansion1778;1778
1;1037;702;Mansion1779;1779
1;1323;417;Mansion1780;1780
1;1580;306;Mansion1781;1781
1;474;198;Mansion1782;1782
1;77;271;Mansion1783;1783
1;260;381;Mansion1784;1784
1;766;422;Mansion1785;1785
1;1311;483;Mansion1786;1786
1;1398;125;Mansion1787;1787
1;863;137;Mansion1788;1788
1;1257;756;Mansion1789;1789
1;1036;823;Mansion1790;1790
1;224;623;Mansion1791;1791
1;1553;582;Mansion1792;1792
1;1307;324;Mansion1793;1793
1;614;319;Mansion1794;1794
1;593;531;Mansion1795;1795
1;454;430;Mansion1796;1796
1;13;855;Mansion1797;1797
1;1509;524;Mansion1798;1798
1;1160;622;Mansion1799;1799
1;63;709;Mansion1800;1800
1;1179;309;Mansion1801;1801
1;1490;259;Mansion1802;1802
1;782;847;Mansion1803;1803
1;1150;647;Mansion1804;1804
1;99;860;Mansion1805;1805
1;790;531;Mansion1806;1806
1;1167;799;Mansion1807;1807
1;481;422;Mansion1808;1808
1;827;887;Mansion1809;1809
1;1074;96;Mansion1810;1810
1;708;202;Mansion1811;1811
1;121;18;Mansion1812;1812
1;557;49;Mansion1813;1813
1;559;722;Mansion1814;1814
1;1044;508;Mansion1815;1815
1;715;227;Mansion1816;1816
1;619;809;Mansion1817;1817
1;37;345;Mansion1818;1818
1;827;715;Mansion1819;1819
1;773;385;Mansion1820;1820
1;653;512;Mansion1821;1821
1;696;167;Mansion1822;1822
1;579;564;Mansion1823;1823
1;480;209;Mansion1824;1824
1;1550;283;Mansion1825;1825
1;216;136;Mansion1826;1826
1;1030;322;Mansion1827;1827
1;270;192;Mansion1828;1828
1;682;362;Mansion1829;1829
1;112;55;Mansion1830;1830
1;662;550;Mansion1831;1831
1;1503;502;Mansion1832;1832
1;16;796;Mansion1833;1833
1;599;748;Mansion1834;1834
1;30;47;Mansion1835;1835
1;783;427;Mansion1836;1836
1;752;782;Mansion1837;1837
1;1126;781;Mansion1838;1838
1;297;469;Mansion1839;1839
1;84;351;Mansion1840;1840
1;1279;764;Mansion1841;1841
1;990;836;Mansion1842;1842
1;1216;888;Mansion1843;1843
1;166;282;Mansion1844;1844
1;984;708;Mansion1845;1845
1;1279;187;Mansion1846;1846
1;176;210;Mansion1847;1847
1;772;693;Mansion1848;1848
1;1127;422;Mansion1849;1849
1;785;357;Mansion1850;1850
1;834;11;Mansion1851;1851
1;1432;43;Mansion1852;1852
1;340;877;Mansion1853;1853
1;381;590;Mansion1854;1854
1;1213;174;Mansion1855;1855
1;986;36;Mansion1856;1856
1;692;797;Mansion1857;1857
1;574;147;Mansion1858;1858
1;1236;273;Mansion1859;1859
1;1536;846;Mansion1860;1860
1;326;414;Mansion1861;1861
1;1589;40;Mansion1862;1862
1;1078;213;Mansion1863;1863
1;987;289;Mansion1864;1864
1;533;700;Mansion1865;1865
1;71;434;Mansion1866;1866
1;988;775;Mansion1867;1867
1;510;232;Mansion1868;1868
1;1054;485;Mansion1869;1869
1;275;392;Mansion1870;1870
1;681;53;Mansion1871;1871
1;871;52;Mansion1872;1872
1;715;780;Mansion1873;1873
1;19;452;Mansion1874;1874
1;1175;681;Mansion1875;1875
1;1456;727;Mansion1876;1876
1;124;766;Mansion1877;1877
1;63;158;Mansion1878;1878
1;694;749;Mansion1879;1879
1;731;172;Mansion1880;1880
1;1471;568;Mansion1881;1881
1;121;802;Mansion1882;1882
1;452;13;Mansion1883;1883
1;48;275;Mansion1884;1884
1;1490;305;Mansion1885;1885
1;184;673;Mansion1886;1886
1;1168;85;Mansion1887;1887
1;902;274;Mansion1888;1888
1;1003;505;Mansion1889;1889
1;353;690;Mansion1890;1890
1;205;225;Mansion1891;1891
1;64;128;Mansion1892;1892
1;429;301;Mansion1893;1893
1;1190;804;Mansion1894;1894
1;670;615;Mansion1895;1895
1;1406;160;Mansion1896;1896
1;1453;835;Mansion1897;1897
1;1429;433;Mansion1898;1898
1;436;773;Mansion1899;1899
1;961;119;Mansion1900;1900
1;150;261;Mansion1901;1901
1;272;83;Mansion1902;1902
1;174;16;Mansion1903;1903
1;603;621;Mansion1904;1904
1;176;93;Mansion1905;1905
1;365;615;Mansion1906;1906
1;1015;66;Mansion1907;1907
1;974;185;Mansion1908;1908
1;1143;530;Mansion1909;1909
1;481;767;Mansion1910;1910
1;996;866;Mansion1911;1911
1;261;152;Mansion1912;1912
1;484;168;Mansion1913;1913
1;792;766;Mansion1914;1914
1;1526;490;Mansion1915;1915
1;1572;48;Mansion1916;1916
1;1005;729;Mansion1917;1917
1;1306;636;Mansion1918;1918
1;1428;840;Mansion1919;1919
1;118;258;Mansion1920;1920
1;296;661;Mansion1921;1921
1;309;423;Mansion1922;1922
1;630;446;Mansion1923;1923
1;286;474;Mansion1924;1924
1;1541;58;Mansion1925;1925
1;736;347;Mansion1926;1926
1;402;161;Mansion1927;1927
1;95;239;Mansion1928;1928
1;942;615;Mansion1929;1929
1;188;280;Mansion1930;1930
1;1532;340;Mansion1931;1931
1;612;52;Mansion1932;1932
1;579;165;Mansion1933;1933
1;100;254;Mansion1934;1934
1;1110;605;Mansion1935;1935
1;1198;126;Mansion1936;1936
1;1560;663;Mansion1937;1937
1;719;832;Mansion1938;1938
1;263;533;Mansion1939;1939
1;313;23;Mansion1940;1940
1;716;237;Mansion1941;1941
1;1277;260;Mansion1942;1942
1;391;323;Mansion1943;1943
1;129;595;Mansion1944;1944
1;1120;652;Mansion1945;1945
1;1234;701;Mansion1946;1946
1;1229;362;Mansion1947;1947
1;694;460;Mansion1948;1948
1;1187;209;Mansion1949;1949
1;1305;228;Mansion1950;1950
1;1052;48;Mansion1951;1951
1;1138;32;Mansion1952;1952
1;1012;17;Mansion1953;1953
1;932;384;Mansion1954;1954
1;1059;747;Mansion1955;1955
1;785;24;Mansion1956;1956
1;983;377;Mansion1957;1957
1;1470;21;Mansion1958;1958
1;865;744;Mansion1959;1959
1;1228;567;Mansion1960;1960
1;145;675;Mansion1961;1961
1;915;67;Mansion1962;1962
1;1075;794;Mansion1963;1963
1;1586;712;Mansion1964;1964
1;1284;700;Mansion1965;1965
1;1064;458;Mansion1966;1966
1;563;826;Mansion1967;1967
1;1089;104;Mansion1968;1968
1;1533;478;Mansion1969;1969
1;168;699;Mansion1970;1970
1;1538;746;Mansion1971;1971
1;406;594;Mansion1972;1972
1;958;835;Mansion1973;1973
1;1276;453;Mansion1974;1974
1;614;125;Mansion1975;1975
1;247;633;Mansion1976;1976
1;504;607;Mansion1977;1977
1;989;691;Mansion1978;1978
1;456;582;Mansion1979;1979
1;336;861;Mansion1980;1980
1;1216;408;Mansion1981;1981
1;841;114;Mansion1982;1982
1;1085;568;Mansion1983;1983
1;118;862;Mansion1984;1984
1;1366;100;Mansion1985;1985
1;1253;237;Mansion1986;1986
1;1032;277;Mansion1987;1987
1;1098;438;Mansion1988;1988
1;1544;132;Mansion1989;1989
1;1309;399;Mansion1990;1990
1;818;187;Mansion1991;1991
1;1363;744;Mansion1992;1992
1;409;555;Mansion1993;1993
1;208;480;Mansion1994;1994
1;1313;651;Mansion1995;1995
1;690;477;Mansion1996;1996
1;1353;652;Mansion1997;1997
1;962;369;Mansion1998;1998
1;1394;347;Mansion1999;1999
1;845;439;Mansion2000;2000
