HQ;786;412
6;883;402;Mansion1;1
6;848;807;Mansion2;2
6;24;486;Mansion3;3
6;696;651;Mansion4;4
6;252;151;Mansion5;5
6;594;699;Mansion6;6
6;1436;292;Mansion7;7
6;698;299;Mansion8;8
6;284;762;Mansion9;9
6;993;211;Mansion10;10
6;1450;611;Mansion11;11
6;161;286;Mansion12;12
6;1560;572;Mansion13;13
6;36;205;Mansion14;14
6;159;324;Mansion15;15
6;226;731;Mansion16;16
6;1511;111;Mansion17;17
6;1374;156;Mansion18;18
6;1552;427;Mansion19;19
6;385;606;Mansion20;20
6;227;90;Mansion21;21
6;233;34;Mansion22;22
6;639;302;Mansion23;23
6;1069;180;Mansion24;24
6;1191;68;Mansion25;25
6;1133;149;Mansion26;26
6;145;486;Mansion27;27
6;1406;186;Mansion28;28
6;600;868;Mansion29;29
6;764;749;Mansion30;30
6;1031;557;Mansion31;31
6;292;561;Mansion32;32
6;631;487;Mansion33;33
6;1369;100;Mansion34;34
6;648;862;Mansion35;35
6;939;749;Mansion36;36
6;1371;825;Mansion37;37
6;924;868;Mansion38;38
6;1174;817;Mansion39;39
6;869;602;Mansion40;40
6;993;364;Mansion41;41
6;665;731;Mansion42;42
6;1508;346;Mansion43;43
6;1030;299;Mansion44;44
6;110;824;Mansion45;45
6;1115;380;Mansion46;46
6;1043;243;Mansion47;47
6;1029;740;Mansion48;48
6;1321;619;Mansion49;49
6;608;806;Mansion50;50
6;1245;310;Mansion51;51
6;660;389;Mansion52;52
6;417;390;Mansion53;53
6;1320;527;Mansion54;54
6;689;268;Mansion55;55
6;1574;659;Mansion56;56
6;652;591;Mansion57;57
6;679;224;Mansion58;58
6;1268;795;Mansion59;59
6;137;888;Mansion60;60
6;1423;357;Mansion61;61
6;1090;163;Mansion62;62
6;231;765;Mansion63;63
6;1293;432;Mansion64;64
6;1205;828;Mansion65;65
5;1201;326;Mansion66;66
5;689;61;Mansion67;67
5;322;809;Mansion68;68
5;1082;792;Mansion69;69
5;1001;841;Mansion70;70
5;42;729;Mansion71;71
5;98;468;Mansion72;72
5;105;879;Mansion73;73
5;49;267;Mansion74;74
5;1282;865;Mansion75;75
5;1348;27;Mansion76;76
5;998;112;Mansion77;77
5;729;870;Mansion78;78
5;1412;566;Mansion79;79
5;609;37;Mansion80;80
5;1497;635;Mansion81;81
5;1383;585;Mansion82;82
5;216;491;Mansion83;83
5;740;90;Mansion84;84
5;1498;567;Mansion85;85
5;329;126;Mansion86;86
5;812;344;Mansion87;87
5;1133;819;Mansion88;88
5;1145;550;Mansion89;89
5;789;98;Mansion90;90
5;704;859;Mansion91;91
5;1357;554;Mansion92;92
5;631;415;Mansion93;93
5;584;183;Mansion94;94
5;228;658;Mansion95;95
5;981;775;Mansion96;96
5;863;650;Mansion97;97
5;527;449;Mansion98;98
5;365;255;Mansion99;99
5;442;15;Mansion100;100
5;904;560;Mansion101;101
5;1281;194;Mansion102;102
5;989;27;Mansion103;103
5;343;149;Mansion104;104
5;396;210;Mansion105;105
5;494;430;Mansion106;106
5;1020;367;Mansion107;107
5;506;576;Mansion108;108
5;424;633;Mansion109;109
5;321;401;Mansion110;110
5;496;771;Mansion111;111
5;656;150;Mansion112;112
5;439;79;Mansion113;113
5;329;267;Mansion114;114
5;939;848;Mansion115;115
5;181;79;Mansion116;116
5;1237;109;Mansion117;117
5;665;347;Mansion118;118
5;492;849;Mansion119;119
5;473;607;Mansion120;120
5;584;117;Mansion121;121
5;1113;514;Mansion122;122
5;299;159;Mansion123;123
5;55;483;Mansion124;124
5;113;317;Mansion125;125
5;332;580;Mansion126;126
5;1277;336;Mansion127;127
5;1309;489;Mansion128;128
5;1196;122;Mansion129;129
5;1428;854;Mansion130;130
5;1092;531;Mansion131;131
5;1400;755;Mansion132;132
5;475;637;Mansion133;133
5;1258;480;Mansion134;134
5;729;518;Mansion135;135
5;911;244;Mansion136;136
5;1251;844;Mansion137;137
5;1023;581;Mansion138;138
5;930;519;Mansion139;139
5;617;714;Mansion140;140
5;890;266;Mansion141;141
5;908;607;Mansion142;142
5;77;21;Mansion143;143
5;75;437;Mansion144;144
5;452;103;Mansion145;145
5;203;270;Mansion146;146
5;107;705;Mansion147;147
5;1460;60;Mansion148;148
5;1458;159;Mansion149;149
5;591;577;Mansion150;150
5;140;155;Mansion151;151
5;1408;811;Mansion152;152
5;1551;889;Mansion153;153
5;1079;213;Mansion154;154
5;292;360;Mansion155;155
5;796;769;Mansion156;156
5;917;51;Mansion157;157
5;185;124;Mansion158;158
5;685;678;Mansion159;159
5;882;456;Mansion160;160
5;349;612;Mansion161;161
5;950;553;Mansion162;162
5;730;370;Mansion163;163
5;420;549;Mansion164;164
5;1417;465;Mansion165;165
5;1251;256;Mansion166;166
5;499;735;Mansion167;167
5;642;701;Mansion168;168
5;817;259;Mansion169;169
5;1116;71;Mansion170;170
5;1300;170;Mansion171;171
5;1059;298;Mansion172;172
5;920;370;Mansion173;173
5;502;71;Mansion174;174
5;1004;619;Mansion175;175
5;1523;65;Mansion176;176
5;431;673;Mansion177;177
5;1394;699;Mansion178;178
5;598;204;Mansion179;179
5;1483;19;Mansion180;180
5;1070;748;Mansion181;181
5;655;543;Mansion182;182
5;506;826;Mansion183;183
4;920;186;Mansion184;184
4;1451;116;Mansion185;185
4;739;758;Mansion186;186
4;890;828;Mansion187;187
4;929;811;Mansion188;188
4;200;412;Mansion189;189
4;25;376;Mansion190;190
4;872;208;Mansion191;191
4;593;338;Mansion192;192
4;1044;603;Mansion193;193
4;1296;845;Mansion194;194
4;787;242;Mansion195;195
4;371;547;Mansion196;196
4;1478;345;Mansion197;197
4;264;858;Mansion198;198
4;126;587;Mansion199;199
4;224;785;Mansion200;200
4;240;608;Mansion201;201
4;1306;802;Mansion202;202
4;1049;701;Mansion203;203
4;64;224;Mansion204;204
4;1239;452;Mansion205;205
4;118;237;Mansion206;206
4;608;86;Mansion207;207
4;14;409;Mansion208;208
4;808;834;Mansion209;209
4;669;255;Mansion210;210
4;783;184;Mansion211;211
4;137;797;Mansion212;212
4;982;660;Mansion213;213
4;612;446;Mansion214;214
4;175;59;Mansion215;215
4;1232;235;Mansion216;216
4;1232;669;Mansion217;217
4;196;439;Mansion218;218
4;1403;582;Mansion219;219
4;1113;97;Mansion220;220
4;910;305;Mansion221;221
4;149;373;Mansion222;222
4;467;167;Mansion223;223
4;477;453;Mansion224;224
4;223;385;Mansion225;225
4;1538;498;Mansion226;226
4;1561;130;Mansion227;227
4;813;362;Mansion228;228
4;907;161;Mansion229;229
4;1120;592;Mansion230;230
4;193;661;Mansion231;231
4;325;468;Mansion232;232
4;1158;529;Mansion233;233
4;794;32;Mansion234;234
4;1219;430;Mansion235;235
4;1210;513;Mansion236;236
4;945;680;Mansion237;237
4;819;67;Mansion238;238
4;137;863;Mansion239;239
4;1315;133;Mansion240;240
4;1384;477;Mansion241;241
4;513;316;Mansion242;242
4;1333;167;Mansion243;243
4;16;164;Mansion244;244
4;139;653;Mansion245;245
4;346;800;Mansion246;246
4;615;507;Mansion247;247
4;1363;866;Mansion248;248
4;496;610;Mansion249;249
4;1508;791;Mansion250;250
4;765;705;Mansion251;251
4;1468;106;Mansion252;252
4;1385;364;Mansion253;253
4;75;511;Mansion254;254
4;1102;483;Mansion255;255
4;1028;444;Mansion256;256
4;419;304;Mansion257;257
4;438;860;Mansion258;258
4;1063;483;Mansion259;259
4;356;635;Mansion260;260
4;520;606;Mansion261;261
4;428;113;Mansion262;262
4;347;823;Mansion263;263
4;664;89;Mansion264;264
4;500;296;Mansion265;265
4;1155;402;Mansion266;266
4;1187;495;Mansion267;267
4;825;442;Mansion268;268
4;135;174;Mansion269;269
4;1287;243;Mansion270;270
4;876;241;Mansion271;271
4;945;658;Mansion272;272
4;1135;655;Mansion273;273
4;822;886;Mansion274;274
4;1072;58;Mansion275;275
4;1468;693;Mansion276;276
4;752;145;Mansion277;277
4;1509;178;Mansion278;278
4;1578;843;Mansion279;279
4;819;377;Mansion280;280
4;334;319;Mansion281;281
4;1166;301;Mansion282;282
4;104;174;Mansion283;283
4;245;487;Mansion284;284
4;860;417;Mansion285;285
4;167;149;Mansion286;286
4;733;634;Mansion287;287
4;454;676;Mansion288;288
4;924;658;Mansion289;289
4;899;344;Mansion290;290
4;573;587;Mansion291;291
4;176;448;Mansion292;292
4;465;737;Mansion293;293
4;221;262;Mansion294;294
4;469;340;Mansion295;295
4;1220;651;Mansion296;296
4;1455;212;Mansion297;297
4;816;181;Mansion298;298
4;963;575;Mansion299;299
4;342;83;Mansion300;300
4;713;257;Mansion301;301
4;1472;501;Mansion302;302
4;73;629;Mansion303;303
4;877;343;Mansion304;304
4;400;139;Mansion305;305
4;271;159;Mansion306;306
4;1261;197;Mansion307;307
4;668;678;Mansion308;308
4;206;222;Mansion309;309
4;1334;853;Mansion310;310
4;1085;85;Mansion311;311
4;413;256;Mansion312;312
4;1142;608;Mansion313;313
4;323;50;Mansion314;314
4;1000;192;Mansion315;315
4;673;538;Mansion316;316
4;303;258;Mansion317;317
4;1135;371;Mansion318;318
4;514;882;Mansion319;319
4;1415;58;Mansion320;320
4;558;312;Mansion321;321
4;496;889;Mansion322;322
4;1464;391;Mansion323;323
4;1164;738;Mansion324;324
4;390;259;Mansion325;325
4;1167;493;Mansion326;326
4;1185;791;Mansion327;327
4;665;499;Mansion328;328
4;329;724;Mansion329;329
4;482;38;Mansion330;330
4;547;207;Mansion331;331
4;1510;688;Mansion332;332
4;746;557;Mansion333;333
4;146;520;Mansion334;334
4;547;339;Mansion335;335
4;143;257;Mansion336;336
4;841;141;Mansion337;337
4;596;415;Mansion338;338
4;1291;313;Mansion339;339
4;1515;197;Mansion340;340
4;383;295;Mansion341;341
4;1282;352;Mansion342;342
4;78;492;Mansion343;343
4;1452;503;Mansion344;344
4;222;574;Mansion345;345
4;1190;108;Mansion346;346
4;1045;88;Mansion347;347
4;612;18;Mansion348;348
4;1148;873;Mansion349;349
4;897;201;Mansion350;350
4;141;734;Mansion351;351
4;1581;16;Mansion352;352
4;185;227;Mansion353;353
4;561;103;Mansion354;354
4;998;454;Mansion355;355
4;453;655;Mansion356;356
4;644;627;Mansion357;357
4;27;669;Mansion358;358
4;410;667;Mansion359;359
4;1210;769;Mansion360;360
4;435;284;Mansion361;361
3;130;448;Mansion362;362
3;356;705;Mansion363;363
3;94;858;Mansion364;364
3;624;200;Mansion365;365
3;455;374;Mansion366;366
3;942;776;Mansion367;367
3;1561;406;Mansion368;368
3;729;129;Mansion369;369
3;45;519;Mansion370;370
3;963;650;Mansion371;371
3;1414;395;Mansion372;372
3;790;649;Mansion373;373
3;241;858;Mansion374;374
3;833;717;Mansion375;375
3;1376;10;Mansion376;376
3;1106;451;Mansion377;377
3;563;712;Mansion378;378
3;1363;644;Mansion379;379
3;678;514;Mansion380;380
3;579;736;Mansion381;381
3;1295;759;Mansion382;382
3;1289;638;Mansion383;383
3;757;570;Mansion384;384
3;1476;218;Mansion385;385
3;361;122;Mansion386;386
3;1393;322;Mansion387;387
3;1525;683;Mansion388;388
3;179;205;Mansion389;389
3;484;83;Mansion390;390
3;1406;171;Mansion391;391
3;1048;865;Mansion392;392
3;977;214;Mansion393;393
3;1090;24;Mansion394;394
3;722;152;Mansion395;395
3;969;392;Mansion396;396
3;452;332;Mansion397;397
3;856;172;Mansion398;398
3;1466;322;Mansion399;399
3;147;77;Mansion400;400
3;1547;250;Mansion401;401
3;407;500;Mansion402;402
3;176;309;Mansion403;403
3;1402;422;Mansion404;404
3;951;836;Mansion405;405
3;807;239;Mansion406;406
3;1020;507;Mansion407;407
3;1509;82;Mansion408;408
3;366;391;Mansion409;409
3;1178;865;Mansion410;410
3;1539;266;Mansion411;411
3;794;437;Mansion412;412
3;912;538;Mansion413;413
3;1172;649;Mansion414;414
3;1210;811;Mansion415;415
3;1455;34;Mansion416;416
3;1533;474;Mansion417;417
3;810;220;Mansion418;418
3;1479;43;Mansion419;419
3;1527;415;Mansion420;420
3;402;632;Mansion421;421
3;232;438;Mansion422;422
3;286;833;Mansion423;423
3;108;654;Mansion424;424
3;206;317;Mansion425;425
3;1333;798;Mansion426;426
3;105;739;Mansion427;427
3;1454;876;Mansion428;428
3;1152;775;Mansion429;429
3;1268;323;Mansion430;430
3;171;118;Mansion431;431
3;1258;883;Mansion432;432
3;356;672;Mansion433;433
3;359;71;Mansion434;434
3;1023;86;Mansion435;435
3;1164;346;Mansion436;436
3;322;787;Mansion437;437
3;837;762;Mansion438;438
3;1189;821;Mansion439;439
3;1530;102;Mansion440;440
3;26;127;Mansion441;441
3;509;443;Mansion442;442
3;841;223;Mansion443;443
3;381;527;Mansion444;444
3;1309;322;Mansion445;445
3;687;616;Mansion446;446
3;358;810;Mansion447;447
3;823;611;Mansion448;448
3;369;456;Mansion449;449
3;815;159;Mansion450;450
3;1217;615;Mansion451;451
3;328;283;Mansion452;452
3;1372;421;Mansion453;453
3;533;558;Mansion454;454
3;937;269;Mansion455;455
3;1250;632;Mansion456;456
3;1253;418;Mansion457;457
3;1389;661;Mansion458;458
3;175;261;Mansion459;459
3;1489;581;Mansion460;460
3;1194;633;Mansion461;461
3;1373;66;Mansion462;462
3;1424;207;Mansion463;463
3;1515;514;Mansion464;464
3;548;449;Mansion465;465
3;923;578;Mansion466;466
3;386;758;Mansion467;467
3;1084;193;Mansion468;468
3;180;22;Mansion469;469
3;767;641;Mansion470;470
3;551;29;Mansion471;471
3;1212;354;Mansion472;472
3;197;578;Mansion473;473
3;1282;419;Mansion474;474
3;1043;500;Mansion475;475
3;1423;608;Mansion476;476
3;1443;737;Mansion477;477
3;1560;332;Mansion478;478
3;226;532;Mansion479;479
3;957;807;Mansion480;480
3;1252;669;Mansion481;481
3;1003;687;Mansion482;482
3;1008;158;Mansion483;483
3;942;883;Mansion484;484
3;448;350;Mansion485;485
3;42;450;Mansion486;486
3;112;553;Mansion487;487
3;1200;238;Mansion488;488
3;632;325;Mansion489;489
3;712;416;Mansion490;490
3;1112;751;Mansion491;491
3;1536;293;Mansion492;492
3;751;244;Mansion493;493
3;230;517;Mansion494;494
3;1362;128;Mansion495;495
3;1269;290;Mansion496;496
3;1173;524;Mansion497;497
3;759;301;Mansion498;498
3;748;176;Mansion499;499
3;1006;593;Mansion500;500
3;1398;283;Mansion501;501
3;421;566;Mansion502;502
3;1339;393;Mansion503;503
3;679;820;Mansion504;504
3;144;622;Mansion505;505
3;550;485;Mansion506;506
3;304;635;Mansion507;507
3;79;123;Mansion508;508
3;41;675;Mansion509;509
3;1335;747;Mansion510;510
3;954;177;Mansion511;511
3;1094;736;Mansion512;512
3;577;405;Mansion513;513
3;936;614;Mansion514;514
3;1429;98;Mansion515;515
3;1582;243;Mansion516;516
3;724;230;Mansion517;517
3;350;523;Mansion518;518
3;51;802;Mansion519;519
3;376;639;Mansion520;520
3;1320;345;Mansion521;521
3;1563;692;Mansion522;522
3;1321;272;Mansion523;523
3;1110;113;Mansion524;524
3;949;20;Mansion525;525
3;1443;522;Mansion526;526
3;889;321;Mansion527;527
3;347;738;Mansion528;528
3;809;31;Mansion529;529
3;1323;216;Mansion530;530
3;982;12;Mansion531;531
3;1483;179;Mansion532;532
3;385;382;Mansion533;533
3;1153;225;Mansion534;534
3;1241;167;Mansion535;535
3;1126;239;Mansion536;536
3;958;626;Mansion537;537
3;1321;394;Mansion538;538
3;911;353;Mansion539;539
3;1110;661;Mansion540;540
3;417;770;Mansion541;541
3;1392;345;Mansion542;542
3;657;657;Mansion543;543
3;1340;311;Mansion544;544
3;1166;598;Mansion545;545
3;353;574;Mansion546;546
3;1028;150;Mansion547;547
3;1426;168;Mansion548;548
3;656;183;Mansion549;549
3;18;630;Mansion550;550
3;1288;376;Mansion551;551
3;1073;424;Mansion552;552
3;578;321;Mansion553;553
3;438;696;Mansion554;554
3;1193;383;Mansion555;555
3;1094;391;Mansion556;556
3;1508;530;Mansion557;557
3;1555;450;Mansion558;558
3;594;389;Mansion559;559
3;841;887;Mansion560;560
3;633;430;Mansion561;561
3;586;501;Mansion562;562
3;770;345;Mansion563;563
3;752;423;Mansion564;564
3;98;246;Mansion565;565
3;343;365;Mansion566;566
3;592;812;Mansion567;567
3;378;169;Mansion568;568
3;678;703;Mansion569;569
3;970;677;Mansion570;570
3;1543;94;Mansion571;571
3;1417;18;Mansion572;572
3;51;338;Mansion573;573
3;1586;133;Mansion574;574
3;1478;626;Mansion575;575
3;1146;744;Mansion576;576
3;1311;547;Mansion577;577
3;286;864;Mansion578;578
3;683;788;Mansion579;579
3;1005;284;Mansion580;580
3;991;587;Mansion581;581
3;771;71;Mansion582;582
3;768;280;Mansion583;583
3;1527;37;Mansion584;584
3;758;865;Mansion585;585
3;1204;485;Mansion586;586
3;1545;680;Mansion587;587
3;380;708;Mansion588;588
3;922;139;Mansion589;589
3;110;258;Mansion590;590
3;228;820;Mansion591;591
3;375;228;Mansion592;592
3;954;738;Mansion593;593
3;370;305;Mansion594;594
3;65;700;Mansion595;595
3;812;503;Mansion596;596
3;1030;519;Mansion597;597
3;554;291;Mansion598;598
3;642;837;Mansion599;599
3;681;345;Mansion600;600
3;1529;636;Mansion601;601
3;1099;805;Mansion602;602
3;209;146;Mansion603;603
3;1071;652;Mansion604;604
3;184;682;Mansion605;605
3;77;290;Mansion606;606
3;1054;112;Mansion607;607
3;1002;175;Mansion608;608
3;1451;665;Mansion609;609
3;639;217;Mansion610;610
3;1568;319;Mansion611;611
3;843;858;Mansion612;612
3;528;37;Mansion613;613
3;1327;725;Mansion614;614
3;1577;513;Mansion615;615
3;1367;533;Mansion616;616
3;790;830;Mansion617;617
3;651;249;Mansion618;618
3;322;162;Mansion619;619
3;669;416;Mansion620;620
3;1192;745;Mansion621;621
3;1172;47;Mansion622;622
3;1035;654;Mansion623;623
3;1416;500;Mansion624;624
3;890;526;Mansion625;625
3;469;88;Mansion626;626
3;1405;485;Mansion627;627
3;515;147;Mansion628;628
3;1000;135;Mansion629;629
3;772;444;Mansion630;630
3;622;624;Mansion631;631
3;255;331;Mansion632;632
3;298;309;Mansion633;633
3;542;107;Mansion634;634
3;480;143;Mansion635;635
3;441;165;Mansion636;636
3;279;53;Mansion637;637
3;1222;77;Mansion638;638
3;856;263;Mansion639;639
3;1307;564;Mansion640;640
3;581;618;Mansion641;641
3;183;865;Mansion642;642
3;270;810;Mansion643;643
3;20;846;Mansion644;644
3;1355;55;Mansion645;645
3;888;813;Mansion646;646
3;570;801;Mansion647;647
3;776;148;Mansion648;648
3;982;887;Mansion649;649
3;81;866;Mansion650;650
3;306;501;Mansion651;651
3;1094;833;Mansion652;652
3;1347;888;Mansion653;653
3;903;393;Mansion654;654
3;1581;427;Mansion655;655
3;1335;441;Mansion656;656
3;1582;542;Mansion657;657
3;1256;344;Mansion658;658
3;136;315;Mansion659;659
3;1428;234;Mansion660;660
3;413;205;Mansion661;661
3;66;752;Mansion662;662
3;557;393;Mansion663;663
3;578;473;Mansion664;664
3;242;701;Mansion665;665
3;493;640;Mansion666;666
3;727;817;Mansion667;667
3;271;610;Mansion668;668
3;1281;703;Mansion669;669
3;474;111;Mansion670;670
3;112;97;Mansion671;671
3;277;703;Mansion672;672
3;1252;28;Mansion673;673
3;1025;400;Mansion674;674
3;409;738;Mansion675;675
3;286;636;Mansion676;676
3;869;27;Mansion677;677
3;973;353;Mansion678;678
3;681;119;Mansion679;679
3;951;214;Mansion680;680
3;946;314;Mansion681;681
3;865;489;Mansion682;682
3;158;637;Mansion683;683
3;471;564;Mansion684;684
3;160;229;Mansion685;685
3;1530;607;Mansion686;686
3;1448;260;Mansion687;687
3;1540;71;Mansion688;688
3;873;95;Mansion689;689
3;1208;718;Mansion690;690
3;791;269;Mansion691;691
3;1168;567;Mansion692;692
3;1127;115;Mansion693;693
3;537;804;Mansion694;694
3;841;393;Mansion695;695
3;1079;696;Mansion696;696
3;210;185;Mansion697;697
3;1431;533;Mansion698;698
3;34;857;Mansion699;699
3;1410;321;Mansion700;700
3;935;388;Mansion701;701
3;1096;572;Mansion702;702
3;1290;500;Mansion703;703
3;798;803;Mansion704;704
3;876;511;Mansion705;705
3;20;531;Mansion706;706
3;184;165;Mansion707;707
3;618;270;Mansion708;708
3;325;25;Mansion709;709
3;810;458;Mansion710;710
3;1252;277;Mansion711;711
3;865;618;Mansion712;712
3;478;874;Mansion713;713
3;454;827;Mansion714;714
3;1387;515;Mansion715;715
3;567;22;Mansion716;716
3;1491;550;Mansion717;717
3;317;652;Mansion718;718
3;291;243;Mansion719;719
3;996;63;Mansion720;720
3;1132;851;Mansion721;721
3;270;454;Mansion722;722
3;896;17;Mansion723;723
3;1506;46;Mansion724;724
3;1331;631;Mansion725;725
3;1569;389;Mansion726;726
3;825;818;Mansion727;727
3;60;391;Mansion728;728
3;528;711;Mansion729;729
3;889;729;Mansion730;730
3;1157;809;Mansion731;731
3;1369;44;Mansion732;732
3;696;118;Mansion733;733
3;731;655;Mansion734;734
3;1242;66;Mansion735;735
3;1299;137;Mansion736;736
3;287;77;Mansion737;737
3;15;59;Mansion738;738
3;1479;676;Mansion739;739
3;405;19;Mansion740;740
3;1456;96;Mansion741;741
3;1452;701;Mansion742;742
3;1541;831;Mansion743;743
3;1523;350;Mansion744;744
3;699;406;Mansion745;745
3;1041;287;Mansion746;746
3;163;29;Mansion747;747
3;1346;759;Mansion748;748
3;979;844;Mansion749;749
3;823;734;Mansion750;750
3;844;601;Mansion751;751
3;710;769;Mansion752;752
3;199;534;Mansion753;753
3;1514;150;Mansion754;754
3;942;594;Mansion755;755
3;987;497;Mansion756;756
3;506;803;Mansion757;757
3;574;233;Mansion758;758
3;309;581;Mansion759;759
3;1300;464;Mansion760;760
3;1425;136;Mansion761;761
3;73;663;Mansion762;762
3;491;97;Mansion763;763
3;361;884;Mansion764;764
2;1219;705;Mansion765;765
2;1063;423;Mansion766;766
2;224;158;Mansion767;767
2;671;523;Mansion768;768
2;1462;277;Mansion769;769
2;150;661;Mansion770;770
2;343;767;Mansion771;771
2;454;266;Mansion772;772
2;40;488;Mansion773;773
2;1101;539;Mansion774;774
2;927;241;Mansion775;775
2;1098;623;Mansion776;776
2;366;532;Mansion777;777
2;1552;859;Mansion778;778
2;443;641;Mansion779;779
2;650;436;Mansion780;780
2;86;679;Mansion781;781
2;407;460;Mansion782;782
2;1349;792;Mansion783;783
2;1473;642;Mansion784;784
2;121;330;Mansion785;785
2;458;839;Mansion786;786
2;1154;23;Mansion787;787
2;1037;361;Mansion788;788
2;1258;693;Mansion789;789
2;538;62;Mansion790;790
2;201;80;Mansion791;791
2;653;129;Mansion792;792
2;353;313;Mansion793;793
2;1222;592;Mansion794;794
2;1074;798;Mansion795;795
2;319;260;Mansion796;796
2;443;305;Mansion797;797
2;87;264;Mansion798;798
2;1417;668;Mansion799;799
2;226;44;Mansion800;800
2;1547;542;Mansion801;801
2;439;595;Mansion802;802
2;1314;611;Mansion803;803
2;1001;423;Mansion804;804
2;1349;803;Mansion805;805
2;694;589;Mansion806;806
2;595;17;Mansion807;807
2;59;514;Mansion808;808
2;88;493;Mansion809;809
2;711;742;Mansion810;810
2;1451;139;Mansion811;811
2;315;596;Mansion812;812
2;502;26;Mansion813;813
2;283;878;Mansion814;814
2;1372;359;Mansion815;815
2;227;210;Mansion816;816
2;420;361;Mansion817;817
2;101;558;Mansion818;818
2;326;101;Mansion819;819
2;1182;485;Mansion820;820
2;796;325;Mansion821;821
2;1562;358;Mansion822;822
2;1115;460;Mansion823;823
2;215;284;Mansion824;824
2;167;244;Mansion825;825
2;905;500;Mansion826;826
2;116;56;Mansion827;827
2;557;739;Mansion828;828
2;1188;765;Mansion829;829
2;350;858;Mansion830;830
2;434;412;Mansion831;831
2;978;104;Mansion832;832
2;192;558;Mansion833;833
2;1339;281;Mansion834;834
2;1212;16;Mansion835;835
2;12;12;Mansion836;836
2;1338;723;Mansion837;837
2;507;507;Mansion838;838
2;1409;595;Mansion839;839
2;1139;101;Mansion840;840
2;1376;331;Mansion841;841
2;672;610;Mansion842;842
2;883;114;Mansion843;843
2;190;825;Mansion844;844
2;263;212;Mansion845;845
2;146;675;Mansion846;846
2;184;669;Mansion847;847
2;1580;644;Mansion848;848
2;1267;167;Mansion849;849
2;584;629;Mansion850;850
2;82;276;Mansion851;851
2;586;876;Mansion852;852
2;597;513;Mansion853;853
2;754;41;Mansion854;854
2;122;859;Mansion855;855
2;1220;164;Mansion856;856
2;1522;522;Mansion857;857
2;1226;351;Mansion858;858
2;282;104;Mansion859;859
2;882;443;Mansion860;860
2;1472;86;Mansion861;861
2;740;368;Mansion862;862
2;1320;865;Mansion863;863
2;933;463;Mansion864;864
2;1199;528;Mansion865;865
2;1125;413;Mansion866;866
2;264;301;Mansion867;867
2;423;43;Mansion868;868
2;1457;577;Mansion869;869
2;618;732;Mansion870;870
2;1048;805;Mansion871;871
2;981;524;Mansion872;872
2;1527;487;Mansion873;873
2;1440;785;Mansion874;874
2;1031;345;Mansion875;875
2;1487;246;Mansion876;876
2;1045;436;Mansion877;877
2;1483;411;Mansion878;878
2;817;584;Mansion879;879
2;34;765;Mansion880;880
2;1178;209;Mansion881;881
2;640;615;Mansion882;882
2;347;257;Mansion883;883
2;992;725;Mansion884;884
2;1574;740;Mansion885;885
2;795;388;Mansion886;886
2;1522;438;Mansion887;887
2;460;298;Mansion888;888
2;81;723;Mansion889;889
2;1141;775;Mansion890;890
2;723;106;Mansion891;891
2;395;497;Mansion892;892
2;742;291;Mansion893;893
2;189;53;Mansion894;894
2;722;540;Mansion895;895
2;772;621;Mansion896;896
2;972;738;Mansion897;897
2;27;194;Mansion898;898
2;1054;368;Mansion899;899
2;558;832;Mansion900;900
2;161;492;Mansion901;901
2;1051;392;Mansion902;902
2;503;484;Mansion903;903
2;1191;81;Mansion904;904
2;788;293;Mansion905;905
2;1260;542;Mansion906;906
2;1179;196;Mansion907;907
2;1492;597;Mansion908;908
2;987;235;Mansion909;909
2;272;426;Mansion910;910
2;781;668;Mansion911;911
2;1049;736;Mansion912;912
2;538;47;Mansion913;913
2;1252;490;Mansion914;914
2;506;782;Mansion915;915
2;576;500;Mansion916;916
2;10;701;Mansion917;917
2;138;216;Mansion918;918
2;1039;634;Mansion919;919
2;1300;108;Mansion920;920
2;843;700;Mansion921;921
2;490;390;Mansion922;922
2;1206;413;Mansion923;923
2;1270;400;Mansion924;924
2;94;808;Mansion925;925
2;221;593;Mansion926;926
2;1209;667;Mansion927;927
2;295;690;Mansion928;928
2;1196;189;Mansion929;929
2;122;715;Mansion930;930
2;878;788;Mansion931;931
2;411;100;Mansion932;932
2;1443;110;Mansion933;933
2;1374;743;Mansion934;934
2;1355;541;Mansion935;935
2;1102;763;Mansion936;936
2;1105;198;Mansion937;937
2;656;646;Mansion938;938
2;34;498;Mansion939;939
2;434;197;Mansion940;940
2;155;769;Mansion941;941
2;1463;462;Mansion942;942
2;1383;674;Mansion943;943
2;680;32;Mansion944;944
2;755;740;Mansion945;945
2;611;425;Mansion946;946
2;129;239;Mansion947;947
2;1117;220;Mansion948;948
2;264;406;Mansion949;949
2;1131;591;Mansion950;950
2;662;199;Mansion951;951
2;1347;558;Mansion952;952
2;1318;765;Mansion953;953
2;509;405;Mansion954;954
2;272;669;Mansion955;955
2;986;645;Mansion956;956
2;1187;248;Mansion957;957
2;993;553;Mansion958;958
2;200;722;Mansion959;959
2;1566;882;Mansion960;960
2;69;502;Mansion961;961
2;662;296;Mansion962;962
2;454;720;Mansion963;963
2;441;131;Mansion964;964
2;1483;307;Mansion965;965
2;577;821;Mansion966;966
2;1583;183;Mansion967;967
2;1435;693;Mansion968;968
2;388;465;Mansion969;969
2;1167;762;Mansion970;970
2;320;236;Mansion971;971
2;1543;19;Mansion972;972
2;317;328;Mansion973;973
2;603;368;Mansion974;974
2;955;770;Mansion975;975
2;936;60;Mansion976;976
2;966;862;Mansion977;977
2;917;845;Mansion978;978
2;1009;754;Mansion979;979
2;1046;136;Mansion980;980
2;1492;427;Mansion981;981
2;764;474;Mansion982;982
2;1409;80;Mansion983;983
2;1370;24;Mansion984;984
2;427;522;Mansion985;985
2;959;242;Mansion986;986
2;92;122;Mansion987;987
2;442;153;Mansion988;988
2;700;700;Mansion989;989
2;459;582;Mansion990;990
2;993;90;Mansion991;991
2;1029;633;Mansion992;992
2;409;334;Mansion993;993
2;1305;147;Mansion994;994
2;528;116;Mansion995;995
2;59;13;Mansion996;996
2;1110;408;Mansion997;997
2;894;579;Mansion998;998
2;858;252;Mansion999;999
2;616;552;Mansion1000;1000
2;147;390;Mansion1001;1001
2;748;850;Mansion1002;1002
2;1457;713;Mansion1003;1003
2;859;314;Mansion1004;1004
2;1430;188;Mansion1005;1005
2;685;204;Mansion1006;1006
2;44;416;Mansion1007;1007
2;851;642;Mansion1008;1008
2;460;566;Mansion1009;1009
2;711;624;Mansion1010;1010
2;13;566;Mansion1011;1011
2;150;246;Mansion1012;1012
2;1094;56;Mansion1013;1013
2;1441;179;Mansion1014;1014
2;1420;626;Mansion1015;1015
2;1141;476;Mansion1016;1016
2;471;547;Mansion1017;1017
2;1162;369;Mansion1018;1018
2;833;102;Mansion1019;1019
2;824;393;Mansion1020;1020
2;425;844;Mansion1021;1021
2;339;55;Mansion1022;1022
2;1429;433;Mansion1023;1023
2;443;481;Mansion1024;1024
2;44;831;Mansion1025;1025
2;1155;789;Mansion1026;1026
2;516;243;Mansion1027;1027
2;1495;739;Mansion1028;1028
2;1237;119;Mansion1029;1029
2;639;394;Mansion1030;1030
2;669;689;Mansion1031;1031
2;166;347;Mansion1032;1032
2;1008;456;Mansion1033;1033
2;1515;734;Mansion1034;1034
2;1063;786;Mansion1035;1035
2;765;29;Mansion1036;1036
2;1231;647;Mansion1037;1037
2;896;433;Mansion1038;1038
2;978;118;Mansion1039;1039
2;1246;83;Mansion1040;1040
2;900;461;Mansion1041;1041
2;574;768;Mansion1042;1042
2;429;816;Mansion1043;1043
2;311;746;Mansion1044;1044
2;423;484;Mansion1045;1045
2;1390;639;Mansion1046;1046
2;203;303;Mansion1047;1047
2;1579;111;Mansion1048;1048
2;461;417;Mansion1049;1049
2;1067;384;Mansion1050;1050
2;1466;19;Mansion1051;1051
2;1008;44;Mansion1052;1052
2;899;535;Mansion1053;1053
2;314;412;Mansion1054;1054
2;1570;155;Mansion1055;1055
2;1017;340;Mansion1056;1056
2;636;448;Mansion1057;1057
2;423;666;Mansion1058;1058
2;1478;490;Mansion1059;1059
2;476;365;Mansion1060;1060
2;761;725;Mansion1061;1061
2;1231;391;Mansion1062;1062
2;382;119;Mansion1063;1063
2;982;269;Mansion1064;1064
2;1497;307;Mansion1065;1065
2;413;682;Mansion1066;1066
2;1402;544;Mansion1067;1067
2;1311;45;Mansion1068;1068
2;425;213;Mansion1069;1069
2;1432;465;Mansion1070;1070
2;1001;323;Mansion1071;1071
2;979;815;Mansion1072;1072
2;553;70;Mansion1073;1073
2;250;276;Mansion1074;1074
2;687;718;Mansion1075;1075
2;111;478;Mansion1076;1076
2;611;323;Mansion1077;1077
2;531;430;Mansion1078;1078
2;929;547;Mansion1079;1079
2;1495;188;Mansion1080;1080
2;231;342;Mansion1081;1081
2;1344;112;Mansion1082;1082
2;134;668;Mansion1083;1083
2;495;34;Mansion1084;1084
2;57;847;Mansion1085;1085
2;1281;53;Mansion1086;1086
2;134;484;Mansion1087;1087
2;473;513;Mansion1088;1088
2;60;68;Mansion1089;1089
2;825;88;Mansion1090;1090
2;1162;682;Mansion1091;1091
2;236;161;Mansion1092;1092
2;801;198;Mansion1093;1093
2;263;184;Mansion1094;1094
2;1409;307;Mansion1095;1095
2;338;336;Mansion1096;1096
2;923;535;Mansion1097;1097
2;1412;649;Mansion1098;1098
2;213;326;Mansion1099;1099
2;44;182;Mansion1100;1100
2;554;194;Mansion1101;1101
2;20;596;Mansion1102;1102
2;1068;335;Mansion1103;1103
2;11;601;Mansion1104;1104
2;170;13;Mansion1105;1105
2;344;630;Mansion1106;1106
2;1023;832;Mansion1107;1107
2;520;49;Mansion1108;1108
2;1241;208;Mansion1109;1109
2;1478;98;Mansion1110;1110
2;1458;369;Mansion1111;1111
2;985;79;Mansion1112;1112
2;472;151;Mansion1113;1113
2;1016;864;Mansion1114;1114
2;219;750;Mansion1115;1115
2;1247;815;Mansion1116;1116
2;734;310;Mansion1117;1117
2;255;346;Mansion1118;1118
2;595;755;Mansion1119;1119
2;1248;590;Mansion1120;1120
2;1361;820;Mansion1121;1121
2;301;794;Mansion1122;1122
2;286;711;Mansion1123;1123
2;550;133;Mansion1124;1124
2;1482;130;Mansion1125;1125
2;1119;483;Mansion1126;1126
2;1028;485;Mansion1127;1127
2;735;800;Mansion1128;1128
2;106;362;Mansion1129;1129
2;613;594;Mansion1130;1130
2;1357;203;Mansion1131;1131
2;443;464;Mansion1132;1132
2;832;872;Mansion1133;1133
2;336;836;Mansion1134;1134
2;1093;711;Mansion1135;1135
2;506;332;Mansion1136;1136
2;896;81;Mansion1137;1137
2;483;403;Mansion1138;1138
2;250;773;Mansion1139;1139
2;724;711;Mansion1140;1140
2;617;646;Mansion1141;1141
2;350;452;Mansion1142;1142
2;1511;582;Mansion1143;1143
2;1279;673;Mansion1144;1144
2;1418;291;Mansion1145;1145
2;1152;711;Mansion1146;1146
2;924;616;Mansion1147;1147
2;152;454;Mansion1148;1148
2;1473;306;Mansion1149;1149
2;1464;664;Mansion1150;1150
2;833;302;Mansion1151;1151
2;573;860;Mansion1152;1152
2;527;774;Mansion1153;1153
2;543;651;Mansion1154;1154
2;1303;410;Mansion1155;1155
2;1034;685;Mansion1156;1156
2;60;371;Mansion1157;1157
2;170;752;Mansion1158;1158
2;1019;561;Mansion1159;1159
2;174;221;Mansion1160;1160
2;1263;724;Mansion1161;1161
2;1282;549;Mansion1162;1162
2;915;514;Mansion1163;1163
2;303;420;Mansion1164;1164
2;1210;173;Mansion1165;1165
2;1420;736;Mansion1166;1166
2;420;78;Mansion1167;1167
2;752;587;Mansion1168;1168
2;944;178;Mansion1169;1169
2;305;328;Mansion1170;1170
2;349;660;Mansion1171;1171
2;1587;168;Mansion1172;1172
2;1521;619;Mansion1173;1173
2;1053;317;Mansion1174;1174
2;218;234;Mansion1175;1175
2;790;557;Mansion1176;1176
2;1370;284;Mansion1177;1177
2;1509;254;Mansion1178;1178
2;198;850;Mansion1179;1179
2;1091;241;Mansion1180;1180
2;1560;595;Mansion1181;1181
2;762;377;Mansion1182;1182
2;348;696;Mansion1183;1183
2;254;47;Mansion1184;1184
2;1034;698;Mansion1185;1185
2;254;559;Mansion1186;1186
2;116;444;Mansion1187;1187
2;1529;76;Mansion1188;1188
2;993;748;Mansion1189;1189
2;467;864;Mansion1190;1190
2;49;23;Mansion1191;1191
2;1332;774;Mansion1192;1192
2;741;623;Mansion1193;1193
2;520;425;Mansion1194;1194
2;509;684;Mansion1195;1195
2;1579;354;Mansion1196;1196
2;607;886;Mansion1197;1197
2;923;567;Mansion1198;1198
2;1225;731;Mansion1199;1199
2;545;873;Mansion1200;1200
2;397;839;Mansion1201;1201
2;189;153;Mansion1202;1202
2;1131;288;Mansion1203;1203
2;29;866;Mansion1204;1204
2;684;162;Mansion1205;1205
2;1078;671;Mansion1206;1206
2;617;336;Mansion1207;1207
2;187;104;Mansion1208;1208
2;12;556;Mansion1209;1209
2;645;326;Mansion1210;1210
2;1383;21;Mansion1211;1211
2;1100;638;Mansion1212;1212
2;388;226;Mansion1213;1213
2;1528;366;Mansion1214;1214
2;1294;149;Mansion1215;1215
2;236;881;Mansion1216;1216
2;1058;21;Mansion1217;1217
2;535;267;Mansion1218;1218
2;234;57;Mansion1219;1219
2;1503;279;Mansion1220;1220
2;186;181;Mansion1221;1221
2;1101;583;Mansion1222;1222
2;1280;64;Mansion1223;1223
2;1084;394;Mansion1224;1224
2;409;643;Mansion1225;1225
2;1164;751;Mansion1226;1226
2;605;751;Mansion1227;1227
2;1034;768;Mansion1228;1228
2;1451;334;Mansion1229;1229
2;272;544;Mansion1230;1230
2;939;89;Mansion1231;1231
2;1502;151;Mansion1232;1232
2;610;167;Mansion1233;1233
2;602;94;Mansion1234;1234
2;24;712;Mansion1235;1235
2;1061;495;Mansion1236;1236
2;371;43;Mansion1237;1237
2;1414;346;Mansion1238;1238
2;538;624;Mansion1239;1239
2;89;50;Mansion1240;1240
2;93;204;Mansion1241;1241
2;675;87;Mansion1242;1242
2;987;683;Mansion1243;1243
2;711;307;Mansion1244;1244
2;1016;537;Mansion1245;1245
2;1238;740;Mansion1246;1246
2;1301;371;Mansion1247;1247
2;301;451;Mansion1248;1248
2;680;73;Mansion1249;1249
2;1566;420;Mansion1250;1250
2;1201;575;Mansion1251;1251
2;1588;205;Mansion1252;1252
2;1078;462;Mansion1253;1253
2;247;252;Mansion1254;1254
2;135;497;Mansion1255;1255
1;659;48;Mansion1256;1256
1;754;448;Mansion1257;1257
1;439;239;Mansion1258;1258
1;1375;554;Mansion1259;1259
1;568;293;Mansion1260;1260
1;767;485;Mansion1261;1261
1;568;464;Mansion1262;1262
1;1308;851;Mansion1263;1263
1;1138;519;Mansion1264;1264
1;1135;541;Mansion1265;1265
1;399;796;Mansion1266;1266
1;407;119;Mansion1267;1267
1;1022;271;Mansion1268;1268
1;638;559;Mansion1269;1269
1;611;118;Mansion1270;1270
1;1145;129;Mansion1271;1271
1;361;56;Mansion1272;1272
1;227;686;Mansion1273;1273
1;476;760;Mansion1274;1274
1;1231;249;Mansion1275;1275
1;1134;127;Mansion1276;1276
1;954;55;Mansion1277;1277
1;646;34;Mansion1278;1278
1;15;676;Mansion1279;1279
1;218;617;Mansion1280;1280
1;1155;594;Mansion1281;1281
1;1151;437;Mansion1282;1282
1;1536;849;Mansion1283;1283
1;459;221;Mansion1284;1284
1;396;621;Mansion1285;1285
1;845;773;Mansion1286;1286
1;1562;848;Mansion1287;1287
1;139;712;Mansion1288;1288
1;519;92;Mansion1289;1289
1;1123;19;Mansion1290;1290
1;1100;869;Mansion1291;1291
1;775;876;Mansion1292;1292
1;182;35;Mansion1293;1293
1;1505;603;Mansion1294;1294
1;436;832;Mansion1295;1295
1;228;481;Mansion1296;1296
1;1177;171;Mansion1297;1297
1;768;118;Mansion1298;1298
1;319;516;Mansion1299;1299
1;221;190;Mansion1300;1300
1;171;368;Mansion1301;1301
1;380;394;Mansion1302;1302
1;620;887;Mansion1303;1303
1;344;172;Mansion1304;1304
1;1302;698;Mansion1305;1305
1;602;640;Mansion1306;1306
1;546;303;Mansion1307;1307
1;1284;592;Mansion1308;1308
1;147;815;Mansion1309;1309
1;556;578;Mansion1310;1310
1;1386;34;Mansion1311;1311
1;1549;561;Mansion1312;1312
1;100;18;Mansion1313;1313
1;396;509;Mansion1314;1314
1;1501;414;Mansion1315;1315
1;206;106;Mansion1316;1316
1;1228;544;Mansion1317;1317
1;307;462;Mansion1318;1318
1;445;260;Mansion1319;1319
1;463;510;Mansion1320;1320
1;1532;276;Mansion1321;1321
1;720;723;Mansion1322;1322
1;905;58;Mansion1323;1323
1;125;357;Mansion1324;1324
1;1144;61;Mansion1325;1325
1;1014;516;Mansion1326;1326
1;865;559;Mansion1327;1327
1;143;101;Mansion1328;1328
1;307;734;Mansion1329;1329
1;1424;301;Mansion1330;1330
1;580;335;Mansion1331;1331
1;323;505;Mansion1332;1332
1;244;405;Mansion1333;1333
1;938;860;Mansion1334;1334
1;1400;774;Mansion1335;1335
1;466;786;Mansion1336;1336
1;817;240;Mansion1337;1337
1;1406;90;Mansion1338;1338
1;199;56;Mansion1339;1339
1;1190;22;Mansion1340;1340
1;302;614;Mansion1341;1341
1;1508;218;Mansion1342;1342
1;857;602;Mansion1343;1343
1;249;120;Mansion1344;1344
1;470;407;Mansion1345;1345
1;965;277;Mansion1346;1346
1;984;543;Mansion1347;1347
1;1213;257;Mansion1348;1348
1;1278;749;Mansion1349;1349
1;131;527;Mansion1350;1350
1;216;46;Mansion1351;1351
1;1100;188;Mansion1352;1352
1;682;254;Mansion1353;1353
1;660;600;Mansion1354;1354
1;554;183;Mansion1355;1355
1;655;239;Mansion1356;1356
1;536;836;Mansion1357;1357
1;496;506;Mansion1358;1358
1;1022;785;Mansion1359;1359
1;1269;769;Mansion1360;1360
1;253;878;Mansion1361;1361
1;1488;798;Mansion1362;1362
1;481;226;Mansion1363;1363
1;50;653;Mansion1364;1364
1;1382;60;Mansion1365;1365
1;25;239;Mansion1366;1366
1;641;469;Mansion1367;1367
1;1387;382;Mansion1368;1368
1;451;882;Mansion1369;1369
1;314;683;Mansion1370;1370
1;110;291;Mansion1371;1371
1;1128;690;Mansion1372;1372
1;740;608;Mansion1373;1373
1;835;543;Mansion1374;1374
1;457;27;Mansion1375;1375
1;856;517;Mansion1376;1376
1;1535;212;Mansion1377;1377
1;99;51;Mansion1378;1378
1;555;621;Mansion1379;1379
1;405;226;Mansion1380;1380
1;1393;789;Mansion1381;1381
1;271;35;Mansion1382;1382
1;1154;105;Mansion1383;1383
1;1328;519;Mansion1384;1384
1;181;270;Mansion1385;1385
1;299;386;Mansion1386;1386
1;180;141;Mansion1387;1387
1;1177;620;Mansion1388;1388
1;59;524;Mansion1389;1389
1;628;561;Mansion1390;1390
1;1224;213;Mansion1391;1391
1;1218;153;Mansion1392;1392
1;621;845;Mansion1393;1393
1;76;768;Mansion1394;1394
1;841;315;Mansion1395;1395
1;590;49;Mansion1396;1396
1;1062;825;Mansion1397;1397
1;1260;136;Mansion1398;1398
1;1195;850;Mansion1399;1399
1;1314;817;Mansion1400;1400
1;1347;289;Mansion1401;1401
1;784;604;Mansion1402;1402
1;836;609;Mansion1403;1403
1;43;97;Mansion1404;1404
1;687;436;Mansion1405;1405
1;649;393;Mansion1406;1406
1;992;628;Mansion1407;1407
1;362;737;Mansion1408;1408
1;734;36;Mansion1409;1409
1;1499;816;Mansion1410;1410
1;1444;81;Mansion1411;1411
1;447;804;Mansion1412;1412
1;1405;116;Mansion1413;1413
1;1278;626;Mansion1414;1414
1;1016;100;Mansion1415;1415
1;1123;844;Mansion1416;1416
1;293;105;Mansion1417;1417
1;1351;494;Mansion1418;1418
1;312;827;Mansion1419;1419
1;932;104;Mansion1420;1420
1;269;681;Mansion1421;1421
1;394;310;Mansion1422;1422
1;163;869;Mansion1423;1423
1;102;683;Mansion1424;1424
1;1565;796;Mansion1425;1425
1;328;669;Mansion1426;1426
1;1027;132;Mansion1427;1427
1;841;46;Mansion1428;1428
1;460;71;Mansion1429;1429
1;483;778;Mansion1430;1430
1;1555;296;Mansion1431;1431
1;265;874;Mansion1432;1432
1;942;543;Mansion1433;1433
1;98;112;Mansion1434;1434
1;754;52;Mansion1435;1435
1;1235;313;Mansion1436;1436
1;1139;411;Mansion1437;1437
1;1516;289;Mansion1438;1438
1;1544;693;Mansion1439;1439
1;686;571;Mansion1440;1440
1;321;772;Mansion1441;1441
1;826;492;Mansion1442;1442
1;630;684;Mansion1443;1443
1;1247;764;Mansion1444;1444
1;534;311;Mansion1445;1445
1;614;672;Mansion1446;1446
1;1374;464;Mansion1447;1447
1;244;718;Mansion1448;1448
1;260;634;Mansion1449;1449
1;1587;95;Mansion1450;1450
1;531;589;Mansion1451;1451
1;233;107;Mansion1452;1452
1;123;885;Mansion1453;1453
1;511;613;Mansion1454;1454
1;686;321;Mansion1455;1455
1;483;732;Mansion1456;1456
1;797;666;Mansion1457;1457
1;232;260;Mansion1458;1458
1;459;350;Mansion1459;1459
1;681;653;Mansion1460;1460
1;505;527;Mansion1461;1461
1;1280;150;Mansion1462;1462
1;571;249;Mansion1463;1463
1;384;696;Mansion1464;1464
1;437;106;Mansion1465;1465
1;1144;840;Mansion1466;1466
1;162;585;Mansion1467;1467
1;528;373;Mansion1468;1468
1;1466;759;Mansion1469;1469
1;1010;254;Mansion1470;1470
1;516;394;Mansion1471;1471
1;1131;325;Mansion1472;1472
1;864;879;Mansion1473;1473
1;922;606;Mansion1474;1474
1;1202;226;Mansion1475;1475
1;1137;506;Mansion1476;1476
1;330;478;Mansion1477;1477
1;855;474;Mansion1478;1478
1;768;819;Mansion1479;1479
1;38;747;Mansion1480;1480
1;1319;643;Mansion1481;1481
1;1585;455;Mansion1482;1482
1;50;49;Mansion1483;1483
1;67;98;Mansion1484;1484
1;1357;137;Mansion1485;1485
1;197;868;Mansion1486;1486
1;773;227;Mansion1487;1487
1;488;107;Mansion1488;1488
1;888;212;Mansion1489;1489
1;1485;852;Mansion1490;1490
1;795;454;Mansion1491;1491
1;1384;392;Mansion1492;1492
1;1525;874;Mansion1493;1493
1;382;423;Mansion1494;1494
1;914;147;Mansion1495;1495
1;465;313;Mansion1496;1496
1;96;312;Mansion1497;1497
1;643;200;Mansion1498;1498
1;1278;519;Mansion1499;1499
1;1118;856;Mansion1500;1500
1;785;762;Mansion1501;1501
1;528;398;Mansion1502;1502
1;816;771;Mansion1503;1503
1;1438;134;Mansion1504;1504
1;958;97;Mansion1505;1505
1;1103;36;Mansion1506;1506
1;1422;543;Mansion1507;1507
1;230;377;Mansion1508;1508
1;258;474;Mansion1509;1509
1;237;508;Mansion1510;1510
1;309;841;Mansion1511;1511
1;254;371;Mansion1512;1512
1;942;469;Mansion1513;1513
1;221;360;Mansion1514;1514
1;379;577;Mansion1515;1515
1;331;651;Mansion1516;1516
1;856;273;Mansion1517;1517
1;660;37;Mansion1518;1518
1;1442;301;Mansion1519;1519
1;518;288;Mansion1520;1520
1;295;169;Mansion1521;1521
1;1193;414;Mansion1522;1522
1;188;621;Mansion1523;1523
1;305;773;Mansion1524;1524
1;473;720;Mansion1525;1525
1;1359;883;Mansion1526;1526
1;1223;801;Mansion1527;1527
1;1134;639;Mansion1528;1528
1;1239;822;Mansion1529;1529
1;947;348;Mansion1530;1530
1;565;345;Mansion1531;1531
1;604;763;Mansion1532;1532
1;767;885;Mansion1533;1533
1;839;728;Mansion1534;1534
1;1585;693;Mansion1535;1535
1;607;850;Mansion1536;1536
1;1386;427;Mansion1537;1537
1;402;850;Mansion1538;1538
1;108;185;Mansion1539;1539
1;1367;595;Mansion1540;1540
1;1380;787;Mansion1541;1541
1;1250;506;Mansion1542;1542
1;233;24;Mansion1543;1543
1;358;235;Mansion1544;1544
1;1062;889;Mansion1545;1545
1;1412;701;Mansion1546;1546
1;459;158;Mansion1547;1547
1;1407;449;Mansion1548;1548
1;261;527;Mansion1549;1549
1;905;707;Mansion1550;1550
1;1263;149;Mansion1551;1551
1;1342;545;Mansion1552;1552
1;673;581;Mansion1553;1553
1;752;281;Mansion1554;1554
1;450;556;Mansion1555;1555
1;751;778;Mansion1556;1556
1;1427;508;Mansion1557;1557
1;1457;358;Mansion1558;1558
1;285;170;Mansion1559;1559
1;855;852;Mansion1560;1560
1;1104;440;Mansion1561;1561
1;655;282;Mansion1562;1562
1;559;412;Mansion1563;1563
1;1452;309;Mansion1564;1564
1;320;304;Mansion1565;1565
1;1174;677;Mansion1566;1566
1;783;548;Mansion1567;1567
1;312;160;Mansion1568;1568
1;1242;233;Mansion1569;1569
1;1198;266;Mansion1570;1570
1;769;834;Mansion1571;1571
1;199;566;Mansion1572;1572
1;1302;238;Mansion1573;1573
1;1163;703;Mansion1574;1574
1;1074;824;Mansion1575;1575
1;873;846;Mansion1576;1576
1;94;873;Mansion1577;1577
1;959;538;Mansion1578;1578
1;1260;98;Mansion1579;1579
1;883;102;Mansion1580;1580
1;842;121;Mansion1581;1581
1;955;130;Mansion1582;1582
1;875;81;Mansion1583;1583
1;364;346;Mansion1584;1584
1;702;80;Mansion1585;1585
1;114;846;Mansion1586;1586
1;573;119;Mansion1587;1587
1;126;624;Mansion1588;1588
1;118;494;Mansion1589;1589
1;323;702;Mansion1590;1590
1;994;599;Mansion1591;1591
1;1071;17;Mansion1592;1592
1;985;245;Mansion1593;1593
1;1134;201;Mansion1594;1594
1;1013;499;Mansion1595;1595
1;596;311;Mansion1596;1596
1;1097;12;Mansion1597;1597
1;1178;758;Mansion1598;1598
1;663;224;Mansion1599;1599
1;1408;800;Mansion1600;1600
1;1575;574;Mansion1601;1601
1;735;71;Mansion1602;1602
1;1122;395;Mansion1603;1603
1;647;360;Mansion1604;1604
1;1555;35;Mansion1605;1605
1;1248;741;Mansion1606;1606
1;1036;510;Mansion1607;1607
1;1122;320;Mansion1608;1608
1;901;187;Mansion1609;1609
1;855;100;Mansion1610;1610
1;1009;722;Mansion1611;1611
1;1434;390;Mansion1612;1612
1;399;566;Mansion1613;1613
1;871;186;Mansion1614;1614
1;1058;754;Mansion1615;1615
1;378;504;Mansion1616;1616
1;985;453;Mansion1617;1617
1;421;807;Mansion1618;1618
1;812;101;Mansion1619;1619
1;430;128;Mansion1620;1620
1;623;216;Mansion1621;1621
1;559;559;Mansion1622;1622
1;1493;540;Mansion1623;1623
1;1166;550;Mansion1624;1624
1;277;403;Mansion1625;1625
1;510;125;Mansion1626;1626
1;947;167;Mansion1627;1627
1;1074;570;Mansion1628;1628
1;842;377;Mansion1629;1629
1;596;455;Mansion1630;1630
1;1355;178;Mansion1631;1631
1;913;769;Mansion1632;1632
1;1069;324;Mansion1633;1633
1;843;838;Mansion1634;1634
1;113;889;Mansion1635;1635
1;331;603;Mansion1636;1636
1;1119;537;Mansion1637;1637
1;1470;883;Mansion1638;1638
1;205;174;Mansion1639;1639
1;889;475;Mansion1640;1640
1;472;842;Mansion1641;1641
1;21;68;Mansion1642;1642
1;449;518;Mansion1643;1643
1;244;361;Mansion1644;1644
1;1509;664;Mansion1645;1645
1;627;258;Mansion1646;1646
1;461;468;Mansion1647;1647
1;542;494;Mansion1648;1648
1;723;832;Mansion1649;1649
1;1314;106;Mansion1650;1650
1;122;727;Mansion1651;1651
1;814;537;Mansion1652;1652
1;592;227;Mansion1653;1653
1;1232;301;Mansion1654;1654
1;1367;690;Mansion1655;1655
1;1379;756;Mansion1656;1656
1;374;62;Mansion1657;1657
1;1564;634;Mansion1658;1658
1;294;63;Mansion1659;1659
1;1192;540;Mansion1660;1660
1;498;88;Mansion1661;1661
1;135;555;Mansion1662;1662
1;297;206;Mansion1663;1663
1;1177;442;Mansion1664;1664
1;459;804;Mansion1665;1665
1;121;689;Mansion1666;1666
1;541;436;Mansion1667;1667
1;907;131;Mansion1668;1668
1;694;686;Mansion1669;1669
1;1333;263;Mansion1670;1670
1;372;828;Mansion1671;1671
1;1289;471;Mansion1672;1672
1;868;266;Mansion1673;1673
1;299;375;Mansion1674;1674
1;1142;598;Mansion1675;1675
1;965;409;Mansion1676;1676
1;678;61;Mansion1677;1677
1;751;434;Mansion1678;1678
1;88;437;Mansion1679;1679
1;807;821;Mansion1680;1680
1;92;459;Mansion1681;1681
1;143;722;Mansion1682;1682
1;1085;429;Mansion1683;1683
1;361;749;Mansion1684;1684
1;1260;400;Mansion1685;1685
1;1302;70;Mansion1686;1686
1;612;104;Mansion1687;1687
1;858;738;Mansion1688;1688
1;1363;840;Mansion1689;1689
1;661;565;Mansion1690;1690
1;840;468;Mansion1691;1691
1;587;92;Mansion1692;1692
1;631;272;Mansion1693;1693
1;1439;405;Mansion1694;1694
1;239;793;Mansion1695;1695
1;1079;369;Mansion1696;1696
1;440;380;Mansion1697;1697
1;1232;631;Mansion1698;1698
1;725;753;Mansion1699;1699
1;471;468;Mansion1700;1700
1;182;629;Mansion1701;1701
1;420;316;Mansion1702;1702
1;755;312;Mansion1703;1703
1;1266;445;Mansion1704;1704
1;257;716;Mansion1705;1705
1;925;422;Mansion1706;1706
1;456;130;Mansion1707;1707
1;838;88;Mansion1708;1708
1;1201;111;Mansion1709;1709
1;498;699;Mansion1710;1710
1;105;805;Mansion1711;1711
1;62;404;Mansion1712;1712
1;870;125;Mansion1713;1713
1;35;91;Mansion1714;1714
1;519;379;Mansion1715;1715
1;195;493;Mansion1716;1716
1;397;102;Mansion1717;1717
1;1120;306;Mansion1718;1718
1;780;77;Mansion1719;1719
1;397;772;Mansion1720;1720
1;886;760;Mansion1721;1721
1;926;339;Mansion1722;1722
1;1184;703;Mansion1723;1723
1;1547;719;Mansion1724;1724
1;1110;477;Mansion1725;1725
1;1326;19;Mansion1726;1726
1;1071;877;Mansion1727;1727
1;751;641;Mansion1728;1728
1;1450;280;Mansion1729;1729
1;116;813;Mansion1730;1730
1;645;56;Mansion1731;1731
1;972;562;Mansion1732;1732
1;590;197;Mansion1733;1733
1;237;150;Mansion1734;1734
1;1100;222;Mansion1735;1735
1;898;101;Mansion1736;1736
1;51;685;Mansion1737;1737
1;1113;367;Mansion1738;1738
1;926;127;Mansion1739;1739
1;1552;149;Mansion1740;1740
1;745;810;Mansion1741;1741
1;178;849;Mansion1742;1742
1;1583;556;Mansion1743;1743
1;1092;851;Mansion1744;1744
1;108;195;Mansion1745;1745
1;253;69;Mansion1746;1746
1;1244;42;Mansion1747;1747
1;422;287;Mansion1748;1748
1;367;113;Mansion1749;1749
1;697;355;Mansion1750;1750
1;1322;785;Mansion1751;1751
1;661;810;Mansion1752;1752
1;103;725;Mansion1753;1753
1;271;267;Mansion1754;1754
1;472;391;Mansion1755;1755
1;902;730;Mansion1756;1756
1;185;815;Mansion1757;1757
1;702;396;Mansion1758;1758
1;1155;607;Mansion1759;1759
1;784;535;Mansion1760;1760
1;1108;48;Mansion1761;1761
1;1537;560;Mansion1762;1762
1;211;405;Mansion1763;1763
1;1572;597;Mansion1764;1764
1;1116;680;Mansion1765;1765
1;1084;538;Mansion1766;1766
1;520;273;Mansion1767;1767
1;1010;16;Mansion1768;1768
1;429;270;Mansion1769;1769
1;1465;70;Mansion1770;1770
1;706;577;Mansion1771;1771
1;1363;88;Mansion1772;1772
1;212;210;Mansion1773;1773
1;1469;813;Mansion1774;1774
1;19;819;Mansion1775;1775
1;1532;247;Mansion1776;1776
1;759;786;Mansion1777;1777
1;1321;505;Mansion1778;1778
1;121;385;Mansion1779;1779
1;1109;707;Mansion1780;1780
1;697;453;Mansion1781;1781
1;1319;664;Mansion1782;1782
1;934;437;Mansion1783;1783
1;50;438;Mansion1784;1784
1;996;815;Mansion1785;1785
1;1372;238;Mansion1786;1786
1;228;551;Mansion1787;1787
1;159;514;Mansion1788;1788
1;388;326;Mansion1789;1789
1;860;581;Mansion1790;1790
1;1071;508;Mansion1791;1791
1;576;98;Mansion1792;1792
1;970;137;Mansion1793;1793
1;1448;151;Mansion1794;1794
1;755;229;Mansion1795;1795
1;1371;774;Mansion1796;1796
1;310;98;Mansion1797;1797
1;372;469;Mansion1798;1798
1;546;615;Mansion1799;1799
1;60;744;Mansion1800;1800
1;168;803;Mansion1801;1801
1;1326;48;Mansion1802;1802
1;1221;273;Mansion1803;1803
1;1437;569;Mansion1804;1804
1;701;229;Mansion1805;1805
1;1471;472;Mansion1806;1806
1;447;276;Mansion1807;1807
1;1433;33;Mansion1808;1808
1;1510;542;Mansion1809;1809
1;689;637;Mansion1810;1810
1;41;846;Mansion1811;1811
1;622;365;Mansion1812;1812
1;561;454;Mansion1813;1813
1;411;712;Mansion1814;1814
1;944;396;Mansion1815;1815
1;773;90;Mansion1816;1816
1;226;221;Mansion1817;1817
1;1438;603;Mansion1818;1818
1;1332;646;Mansion1819;1819
1;1284;691;Mansion1820;1820
1;1449;168;Mansion1821;1821
1;451;608;Mansion1822;1822
1;1089;71;Mansion1823;1823
1;1205;615;Mansion1824;1824
1;471;811;Mansion1825;1825
1;19;458;Mansion1826;1826
1;983;89;Mansion1827;1827
1;743;886;Mansion1828;1828
1;1364;399;Mansion1829;1829
1;459;816;Mansion1830;1830
1;494;749;Mansion1831;1831
1;358;31;Mansion1832;1832
1;654;698;Mansion1833;1833
1;516;200;Mansion1834;1834
1;1389;528;Mansion1835;1835
1;433;187;Mansion1836;1836
1;968;493;Mansion1837;1837
1;1324;557;Mansion1838;1838
1;625;750;Mansion1839;1839
1;1127;171;Mansion1840;1840
1;391;273;Mansion1841;1841
1;299;782;Mansion1842;1842
1;275;185;Mansion1843;1843
1;291;751;Mansion1844;1844
1;585;208;Mansion1845;1845
1;1341;524;Mansion1846;1846
1;363;563;Mansion1847;1847
1;85;837;Mansion1848;1848
1;76;842;Mansion1849;1849
1;1104;851;Mansion1850;1850
1;732;483;Mansion1851;1851
1;1233;852;Mansion1852;1852
1;1253;704;Mansion1853;1853
1;137;764;Mansion1854;1854
1;1240;692;Mansion1855;1855
1;737;157;Mansion1856;1856
1;1305;749;Mansion1857;1857
1;283;142;Mansion1858;1858
1;419;877;Mansion1859;1859
1;1114;496;Mansion1860;1860
1;719;91;Mansion1861;1861
1;1189;145;Mansion1862;1862
1;1119;548;Mansion1863;1863
1;832;245;Mansion1864;1864
1;173;729;Mansion1865;1865
1;669;271;Mansion1866;1866
1;1153;724;Mansion1867;1867
1;579;195;Mansion1868;1868
1;916;441;Mansion1869;1869
1;959;662;Mansion1870;1870
1;991;261;Mansion1871;1871
1;631;772;Mansion1872;1872
1;1236;96;Mansion1873;1873
1;426;688;Mansion1874;1874
1;1096;44;Mansion1875;1875
1;1486;438;Mansion1876;1876
1;59;633;Mansion1877;1877
1;30;832;Mansion1878;1878
1;437;436;Mansion1879;1879
1;1563;54;Mansion1880;1880
1;1065;724;Mansion1881;1881
1;1021;594;Mansion1882;1882
1;808;715;Mansion1883;1883
1;158;824;Mansion1884;1884
1;467;754;Mansion1885;1885
1;663;868;Mansion1886;1886
1;360;442;Mansion1887;1887
1;247;592;Mansion1888;1888
1;1185;525;Mansion1889;1889
1;173;813;Mansion1890;1890
1;1537;721;Mansion1891;1891
1;221;174;Mansion1892;1892
1;882;627;Mansion1893;1893
1;1547;845;Mansion1894;1894
1;1426;74;Mansion1895;1895
1;246;432;Mansion1896;1896
1;76;453;Mansion1897;1897
1;556;701;Mansion1898;1898
1;662;361;Mansion1899;1899
1;1538;776;Mansion1900;1900
1;212;713;Mansion1901;1901
1;430;572;Mansion1902;1902
1;1287;85;Mansion1903;1903
1;246;814;Mansion1904;1904
1;501;268;Mansion1905;1905
1;379;565;Mansion1906;1906
1;1180;846;Mansion1907;1907
1;958;420;Mansion1908;1908
1;417;372;Mansion1909;1909
1;791;716;Mansion1910;1910
1;280;566;Mansion1911;1911
1;126;844;Mansion1912;1912
1;1518;649;Mansion1913;1913
1;1484;158;Mansion1914;1914
1;1401;458;Mansion1915;1915
1;1401;616;Mansion1916;1916
1;1217;859;Mansion1917;1917
1;588;166;Mansion1918;1918
1;439;622;Mansion1919;1919
1;91;586;Mansion1920;1920
1;1457;47;Mansion1921;1921
1;1349;219;Mansion1922;1922
1;576;692;Mansion1923;1923
1;1060;527;Mansion1924;1924
1;996;568;Mansion1925;1925
1;1278;134;Mansion1926;1926
1;153;602;Mansion1927;1927
1;1044;268;Mansion1928;1928
1;399;50;Mansion1929;1929
1;1442;578;Mansion1930;1930
1;612;466;Mansion1931;1931
1;160;537;Mansion1932;1932
1;1490;808;Mansion1933;1933
1;307;353;Mansion1934;1934
1;89;886;Mansion1935;1935
1;139;608;Mansion1936;1936
1;1341;47;Mansion1937;1937
1;1111;22;Mansion1938;1938
1;919;456;Mansion1939;1939
1;1556;498;Mansion1940;1940
1;1091;688;Mansion1941;1941
1;739;13;Mansion1942;1942
1;399;383;Mansion1943;1943
1;291;455;Mansion1944;1944
1;1307;352;Mansion1945;1945
1;1451;197;Mansion1946;1946
1;533;333;Mansion1947;1947
1;369;843;Mansion1948;1948
1;344;415;Mansion1949;1949
1;241;212;Mansion1950;1950
1;509;274;Mansion1951;1951
1;1585;32;Mansion1952;1952
1;1536;328;Mansion1953;1953
1;511;109;Mansion1954;1954
1;536;185;Mansion1955;1955
1;931;195;Mansion1956;1956
1;449;771;Mansion1957;1957
1;482;851;Mansion1958;1958
1;476;198;Mansion1959;1959
1;1159;172;Mansion1960;1960
1;809;738;Mansion1961;1961
1;1112;245;Mansion1962;1962
1;684;743;Mansion1963;1963
1;1174;366;Mansion1964;1964
1;801;465;Mansion1965;1965
1;537;881;Mansion1966;1966
1;1448;809;Mansion1967;1967
1;1088;887;Mansion1968;1968
1;1271;533;Mansion1969;1969
1;569;218;Mansion1970;1970
1;1420;320;Mansion1971;1971
1;604;570;Mansion1972;1972
1;466;370;Mansion1973;1973
1;1095;412;Mansion1974;1974
1;1586;43;Mansion1975;1975
1;144;334;Mansion1976;1976
1;184;344;Mansion1977;1977
1;950;710;Mansion1978;1978
1;1486;731;Mansion1979;1979
1;1218;846;Mansion1980;1980
1;95;515;Mansion1981;1981
1;1133;85;Mansion1982;1982
1;1008;233;Mansion1983;1983
1;1543;191;Mansion1984;1984
1;1086;120;Mansion1985;1985
1;1387;552;Mansion1986;1986
1;1334;298;Mansion1987;1987
1;166;654;Mansion1988;1988
1;385;59;Mansion1989;1989
1;1319;490;Mansion1990;1990
1;718;550;Mansion1991;1991
1;1280;776;Mansion1992;1992
1;964;816;Mansion1993;1993
1;1362;418;Mansion1994;1994
1;707;166;Mansion1995;1995
1;1080;488;Mansion1996;1996
1;1139;621;Mansion1997;1997
1;197;760;Mansion1998;1998
1;1334;784;Mansion1999;1999
1;258;455;Mansion2000;2000
